3 0.144562 0.195573 0.214389 0.162809
3 0.144590 0.373274 0.214388 0.162809
3 0.619619 0.372394 0.214389 0.162809
3 0.381707 0.373937 0.214388 0.162809
3 0.857346 0.195394 0.214388 0.162809
3 0.620158 0.195601 0.214389 0.162809
3 0.381049 0.196110 0.214389 0.162809
2 0.09126446280991736 0.06370182555780933 0.08100826446280991 0.015446247464503043
2 0.20367768595041322 0.06385395537525355 0.04045454545454546 0.014533468559837729
2 0.3065289256198347 0.06358519269776876 0.06237190082644628 0.013990872210953346
2 0.4538677685950413 0.06359533468559837 0.12880165289256199 0.01483265720081136
2 0.6011818181818182 0.06373225152129817 0.0585206611570248 0.015106490872210953
2 0.7147190082644628 0.06380324543610548 0.06133057851239669 0.01402129817444219
4 0.1447685950413223 0.22947261663286003 0.09355371900826447 0.013022312373225152
4 0.38195867768595043 0.22980223123732252 0.0942809917355372 0.014751521298174442
4 0.6195371900826446 0.22993914807302232 0.13116528925619836 0.013955375253549696
4 0.8564297520661157 0.23018255578093308 0.11131404958677686 0.01300709939148073
4 0.14400000000000002 0.40726166328600405 0.055834710743801655 0.013159229208924948
4 0.3822644628099174 0.4072312373225152 0.05785123966942149 0.01309837728194726
4 0.6202066115702479 0.40747971602434074 0.13040495867768595 0.013595334685598377
5 0.14401652892561984 0.2507048681541582 0.07461157024793388 0.013052738336713995
5 0.3813801652892562 0.250552738336714 0.07328925619834711 0.013108519269776877
5 0.6196115702479339 0.25056795131845844 0.07199173553719009 0.012429006085192698
5 0.8560165289256199 0.2506490872210953 0.07390909090909091 0.012946247464503043
5 0.14446280991735538 0.4280831643002028 0.07263636363636364 0.012819472616632861
5 0.38166115702479336 0.4280121703853955 0.07203305785123967 0.012672413793103448
5 0.6191404958677685 0.42840770791075056 0.06965289256198347 0.013113590263691683
0 0.102482 0.959374 0.129305 0.050994
0 0.573537 0.961480 0.780786 0.055123
