3 0.135472 0.373458 0.216175 0.163306
3 0.862191 0.196139 0.216175 0.163307
3 0.620640 0.196030 0.216175 0.163307
3 0.377255 0.196087 0.216175 0.163306
3 0.135245 0.195492 0.216175 0.163306
0 0.093742 0.959975 0.130384 0.051150
0 0.573440 0.961568 0.795978 0.055291
2 0.08161045531197303 0.06387423935091277 0.0816779089376054 0.015491886409736309
2 0.19668634064080945 0.06376267748478702 0.04079258010118044 0.014579107505070995
2 0.3023524451939292 0.06330628803245436 0.0628920741989882 0.014031440162271806
2 0.4510455311973019 0.0635344827586207 0.12987352445193928 0.014878296146044625
2 0.6008263069139966 0.06317951318458417 0.059005059021922435 0.015152129817444219
2 0.7169308600337267 0.06387423935091277 0.061838111298482296 0.01406186612576065
4 0.13473018549747048 0.2301876267748479 0.13263912310286677 0.013057809330628804
5 0.13571669477234402 0.2506186612576065 0.07523608768971332 0.013088235294117647
5 0.8625885328836425 0.2503448275862069 0.07523608768971332 0.013088235294117647
5 0.6192158516020236 0.2506490872210953 0.07523608768971332 0.013088235294117647
5 0.13490725126475547 0.4279716024340771 0.07523608768971332 0.013088235294117647
5 0.37761382799325466 0.2505020283975659 0.07523608768971332 0.013088235294117647
4 0.3774451939291737 0.2300152129817444 0.11453625632377741 0.014797160243407707
4 0.6198060708263069 0.22951318458417852 0.11681281618887014 0.013995943204868156
4 0.8623524451939292 0.23000507099391482 0.13227655986509274 0.013042596348884382
4 0.1353709949409781 0.40761156186612574 0.09561551433389545 0.013199797160243408