3 0.140165 0.371565 0.216176 0.163306
3 0.859646 0.193564 0.216174 0.163306
3 0.619413 0.193569 0.216174 0.163306
3 0.379759 0.370612 0.216176 0.163306
3 0.380228 0.193237 0.216176 0.163306
3 0.139306 0.193450 0.216175 0.163307
0 0.097311 0.959194 0.130383 0.051150
0 0.572998 0.961350 0.787292 0.055291
2 0.08664440734557596 0.061605691056910564 0.08167779632721202 0.015492886178861787
2 0.19965776293823037 0.062012195121951226 0.04079298831385642 0.014578252032520327
2 0.3032136894824708 0.06118394308943089 0.0628881469115192 0.014029471544715446
2 0.45192821368948244 0.06132621951219512 0.12987479131886479 0.014878048780487806
2 0.600575959933222 0.061514227642276424 0.05900667779632721 0.015152439024390243
2 0.7148831385642738 0.06111788617886179 0.06183639398998331 0.014059959349593497
4 0.1392237061769616 0.22833333333333333 0.060033388981636064 0.013058943089430893
5 0.1392737896494157 0.2488262195121951 0.07523372287145241 0.013089430894308944
5 0.8585308848080133 0.24891768292682928 0.07523372287145241 0.013089430894308944
5 0.6187562604340567 0.2486331300813008 0.07523372287145241 0.013089430894308944
5 0.3793489148580968 0.4266717479674797 0.07523372287145241 0.013089430894308944
5 0.13937395659432386 0.4267530487804878 0.07523372287145241 0.013089430894308944
5 0.3787896494156928 0.2488262195121951 0.07523372287145241 0.013089430894308944
4 0.3793989983305509 0.22863313008130082 0.08106010016694491 0.014796747967479675
4 0.6184557595993322 0.2279928861788618 0.08251252086811352 0.01399390243902439
4 0.8589315525876461 0.22830284552845528 0.09997495826377295 0.01304369918699187
4 0.1385559265442404 0.4064380081300813 0.07825542570951587 0.013201219512195122
4 0.37846410684474124 0.4065193089430894 0.13179465776293822 0.013140243902439024