3 0.139793 0.370616 0.216176 0.163306
3 0.860955 0.192740 0.216175 0.163307
3 0.620749 0.192331 0.216175 0.163307
3 0.380149 0.370608 0.216176 0.163306
3 0.620525 0.370907 0.216175 0.163306
3 0.380036 0.192641 0.216176 0.163306
3 0.140146 0.192306 0.216176 0.163307
0 0.098345 0.959388 0.130383 0.051150
0 0.573454 0.961638 0.787293 0.055291
2 0.08596153846153846 0.06026476578411405 0.08168060200668896 0.015493890020366599
2 0.19954013377926422 0.060412423625254584 0.0407943143812709 0.014577393075356415
2 0.30420568561872907 0.06039205702647658 0.06289297658862876 0.014032586558044806
2 0.4526421404682274 0.06020875763747454 0.12987458193979934 0.014877800407331975
2 0.6010785953177258 0.06054480651731161 0.05900501672240802 0.01515274949083503
2 0.7158026755852843 0.060356415478615075 0.06183946488294314 0.014063136456211814
4 0.14076086956521738 0.22721486761710794 0.09433110367892976 0.013060081466395111
5 0.1390551839464883 0.24769348268839106 0.07523411371237458 0.013090631364562118
5 0.8588545150501673 0.24785132382892056 0.07523411371237458 0.013090631364562118
5 0.6189548494983278 0.24773421588594705 0.07523411371237458 0.013090631364562118
5 0.6192892976588629 0.4262780040733198 0.07523411371237458 0.013090631364562118
5 0.37926421404682276 0.42639002036659873 0.07523411371237458 0.013090631364562118
5 0.1384113712374582 0.4260437881873727 0.07523411371237458 0.013090631364562118
5 0.3794648829431438 0.2480040733197556 0.07523411371237458 0.013090631364562118
4 0.3794565217391304 0.22687372708757636 0.07869565217391304 0.013778004073319755
4 0.6199498327759198 0.22691955193482688 0.09570234113712374 0.013996945010183299
4 0.8598996655518395 0.22704175152749492 0.07619565217391304 0.01304480651731161
4 0.1399581939799331 0.40500509164969445 0.09270903010033445 0.01319755600814664
4 0.3796153846153846 0.40483706720977597 0.09275919732441472 0.013136456211812628
4 0.6200250836120401 0.4053513238289206 0.07640468227424749 0.013635437881873727