3 0.855782 0.191392 0.216175 0.163306
3 0.617661 0.191779 0.216175 0.163306
3 0.377943 0.191677 0.216176 0.163307
3 0.138730 0.191840 0.216176 0.163306
0 0.096345 0.959340 0.130383 0.051149
0 0.571328 0.961478 0.787293 0.055291
2 0.08491680532445924 0.059760448521916414 0.08168053244592346 0.015494393476044852
2 0.19845257903494176 0.05943425076452599 0.040790349417637276 0.014576962283384303
2 0.30303660565723795 0.0591335372069317 0.06289517470881863 0.014036697247706422
2 0.4496422628951747 0.05956167176350662 0.12987520798668886 0.014877675840978594
2 0.5980282861896838 0.05934760448521916 0.05900166389351082 0.015152905198776758
2 0.7128119800332778 0.05975025484199796 0.06183860232945091 0.014067278287461774
4 0.13834442595673876 0.22653924566768605 0.09433444259567388 0.013058103975535168
5 0.1380782029950083 0.24730886850152906 0.07523294509151415 0.01308868501529052
5 0.855865224625624 0.24695208970438326 0.07523294509151415 0.01308868501529052
5 0.6163727121464226 0.24716106014271153 0.07523294509151415 0.01308868501529052
5 0.3778036605657238 0.247420998980632 0.07523294509151415 0.01308868501529052
4 0.37761231281198004 0.22636595310907237 0.11407653910149751 0.014796126401630989
4 0.6168136439267886 0.22607543323139653 0.09739600665557403 0.014001019367991845
4 0.8569301164725457 0.22625891946992865 0.09746256239600666 0.013042813455657493