3 0.137706 0.371393 0.216176 0.163306
3 0.862304 0.194165 0.216174 0.163306
3 0.621063 0.194006 0.216174 0.163306
3 0.380228 0.193945 0.216176 0.163306
3 0.138515 0.193793 0.216176 0.163306
0 0.096267 0.959554 0.130383 0.051149
0 0.571191 0.961638 0.787293 0.055291
2 0.08416107382550335 0.06201727642276423 0.08167785234899329 0.015492886178861787
2 0.19938758389261743 0.0616869918699187 0.04078859060402684 0.014578252032520327
2 0.30381711409395973 0.06080284552845528 0.06289429530201342 0.014034552845528455
2 0.45247483221476514 0.06216463414634146 0.12987416107382552 0.014878048780487806
2 0.6020721476510067 0.06171239837398374 0.05900167785234899 0.015152439024390243
2 0.7172986577181207 0.06176321138211382 0.061837248322147646 0.014065040650406504
4 0.13863255033557048 0.22840447154471544 0.0798993288590604 0.013058943089430893
5 0.13811241610738254 0.24894308943089433 0.07523489932885907 0.013089430894308944
5 0.8606627516778524 0.24908028455284553 0.07523489932885907 0.013089430894308944
5 0.6191862416107383 0.24885670731707318 0.07523489932885907 0.013089430894308944
5 0.13796979865771813 0.4266260162601626 0.07523489932885907 0.013089430894308944
5 0.3788590604026846 0.2489989837398374 0.07523489932885907 0.013089430894308944
4 0.3797734899328859 0.22839430894308943 0.061065436241610746 0.014796747967479675
4 0.6207885906040269 0.22809451219512195 0.132256711409396 0.0139989837398374
4 0.8617114093959732 0.22842987804878048 0.09931208053691275 0.01304369918699187
4 0.13745805369127517 0.406265243902439 0.09683724832214766 0.013196138211382113