3 0.140723 0.371357 0.216175 0.163306
3 0.859646 0.193564 0.216175 0.163306
3 0.619413 0.193569 0.216175 0.163306
3 0.379759 0.370612 0.216175 0.163306
3 0.619697 0.371162 0.216175 0.163306
3 0.380228 0.193237 0.216175 0.163306
3 0.140973 0.193485 0.216175 0.163306
0 0.098345 0.959389 0.130383 0.051150
0 0.573454 0.961638 0.787292 0.055291
1 0.500030 0.897273 0.933957 0.049097
1 0.499850 0.840425 0.933957 0.049097
2 0.08708333333333333 0.061607324516785356 0.08168333333333333 0.015493387589013224
2 0.200425 0.06151576805696846 0.04079166666666667 0.014577822990844353
2 0.3043666666666667 0.060818921668362155 0.06289166666666667 0.014033570701932858
2 0.452475 0.061246185147507626 0.129875 0.01487792472024415
2 0.600825 0.06126144455747711 0.059008333333333336 0.015152594099694812
2 0.7153083333333333 0.0608646998982706 0.06184166666666666 0.01406408952187182
4 0.14120833333333332 0.22788402848423192 0.09433333333333334 0.01306205493387589
5 0.13981666666666667 0.2486266531027467 0.07523333333333333 0.013092573753814852
5 0.8583083333333333 0.24853001017294 0.07523333333333333 0.013092573753814852
5 0.6188916666666666 0.24881993896236013 0.07523333333333333 0.013092573753814852
5 0.6181833333333334 0.4266581892166836 0.07523333333333333 0.013092573753814852
5 0.379475 0.42625127161749743 0.07523333333333333 0.013092573753814852
5 0.1393083333333333 0.42651068158697863 0.07523333333333333 0.013092573753814852
5 0.3791 0.24818413021363175 0.07523333333333333 0.013092573753814852
4 0.38045 0.22790437436419125 0.09506666666666666 0.014796541200406918
4 0.6198583333333334 0.2278738555442523 0.13225833333333334 0.013997965412004069
4 0.8585416666666666 0.22754832146490336 0.11224166666666667 0.013046795523906408
4 0.14084166666666667 0.40586978636826043 0.0563 0.01319938962360122
4 0.3802916666666667 0.4056917599186165 0.058333333333333334 0.013138351983723295
4 0.6206833333333334 0.40596134282807733 0.13149166666666667 0.013636826042726348