3 0.138654 0.372026 0.216176 0.163306
3 0.859646 0.193564 0.216175 0.163306
3 0.619413 0.193569 0.216175 0.163306
3 0.377070 0.371696 0.216176 0.163306
3 0.618712 0.371590 0.216175 0.163306
3 0.378560 0.193793 0.216176 0.163306
3 0.137245 0.193822 0.216176 0.163306
0 0.096283 0.959899 0.130383 0.051149
0 0.570695 0.961728 0.787293 0.055291
1 0.496102 0.895966 0.933957 0.049097
1 0.496400 0.839407 0.933957 0.049097
2 0.08433110367892976 0.06195630081300813 0.08168060200668896 0.015492886178861787
2 0.19857023411371238 0.06169207317073171 0.0407943143812709 0.014578252032520327
2 0.30282608695652175 0.06135162601626016 0.06289297658862876 0.014034552845528455
2 0.4511036789297659 0.062037601626016264 0.12987458193979934 0.014878048780487806
2 0.5993979933110368 0.06152947154471545 0.05900501672240802 0.015152439024390243
2 0.7138963210702342 0.06173780487804878 0.06183946488294314 0.014065040650406504
4 0.13749999999999998 0.22823170731707318 0.09433110367892976 0.013058943089430893
5 0.13755852842809366 0.24929369918699187 0.07523411371237458 0.013089430894308944
5 0.8583110367892977 0.24911585365853658 0.07523411371237458 0.013089430894308944
5 0.6183946488294314 0.24898882113821139 0.07523411371237458 0.013089430894308944
5 0.6181772575250837 0.4272916666666666 0.07523411371237458 0.013089430894308944
5 0.37846989966555183 0.42666666666666664 0.07523411371237458 0.013089430894308944
5 0.13831103678929765 0.4267682926829268 0.07523411371237458 0.013089430894308944
5 0.3775334448160535 0.24909044715447154 0.07523411371237458 0.013089430894308944
4 0.37800167224080267 0.22827743902439024 0.09506688963210702 0.014796747967479675
4 0.6191304347826088 0.22843495934959349 0.13225752508361205 0.0139989837398374
4 0.8583779264214045 0.22821138211382114 0.1122408026755853 0.01304369918699187
4 0.13892140468227426 0.406219512195122 0.05629598662207358 0.013196138211382113
4 0.3783695652173913 0.405604674796748 0.05833612040133779 0.013135162601626017
4 0.6188879598662208 0.4065752032520325 0.13148829431438128 0.013633130081300812