2 0.2252777777777778 0.48244791666666664 0.02462962962962963 0.03063541666666667
2 0.2275462962962963 0.5158333333333334 0.025046296296296296 0.026802083333333334
2 0.22569444444444445 0.5644947916666666 0.0254537037037037 0.044265624999999996
2 0.22589814814814815 0.6104947916666668 0.02175 0.026312500000000003
2 0.2240462962962963 0.6431302083333333 0.022166666666666668 0.022135416666666668
2 0.22086111111111112 0.6781354166666667 0.021962962962962962 0.030802083333333334
3 0.3464537037037037 0.4463385416666667 0.14764814814814817 0.06490104166666667
3 0.34429629629629627 0.5202864583333333 0.1453796296296296 0.06695833333333333
3 0.34193518518518523 0.592265625 0.14682407407407408 0.06740104166666666
3 0.3388425925925926 0.663546875 0.14476851851851852 0.066453125
3 0.4971666666666667 0.6646510416666668 0.1424814814814815 0.06517708333333333
4 0.3746481481481482 0.4481354166666666 0.018842592592592595 0.032609375
4 0.37053703703703705 0.5914010416666666 0.018851851851851852 0.027473958333333333
4 0.36641666666666667 0.6639583333333333 0.018851851851851852 0.031385416666666666
4 0.5250462962962963 0.6632604166666667 0.01923148148148148 0.030000000000000002
5 0.39646296296296296 0.44923437499999996 0.013083333333333334 0.026708333333333334
5 0.3915185185185185 0.5919791666666666 0.011435185185185185 0.026317708333333335
5 0.3897685185185185 0.66459375 0.018231481481481484 0.029187499999999998
5 0.5451111111111111 0.6641875 0.012027777777777778 0.02721875
1 0.8313981481481482 0.5621614583333333 0.05003703703703704 0.26737500000000003
0 0.8851018518518519 0.5395416666666667 0.04632407407407407 0.22005208333333334
0 0.8822129629629629 0.6768593749999999 0.042212962962962966 0.039828125