0 0.12168518518518517 0.6921510416666667 0.08158333333333333 0.027380208333333333
0 0.3929722222222222 0.6928072916666667 0.4415277777777778 0.028942708333333334
7 0.368406 0.480622 0.391469 0.132851
0 0.280564 0.516344 0.172672 0.032202
0 0.455786 0.520321 0.164329 0.032854
3 0.174295 0.347641 0.137210 0.096085
3 0.314982 0.354095 0.133967 0.093608
3 0.450571 0.360157 0.129331 0.091914
3 0.581871 0.366350 0.124463 0.089958
4 0.172209 0.365893 0.062116 0.011603
4 0.313592 0.371825 0.074169 0.012777
4 0.449579 0.377946 0.059144 0.011451
4 0.581152 0.383611 0.057001 0.011933
5 0.170467 0.379151 0.049072 0.011210
5 0.312755 0.385058 0.045644 0.010487
5 0.448186 0.390663 0.044786 0.011090
5 0.578902 0.395906 0.044786 0.010246
2 0.149799 0.274581 0.054777 0.013573
2 0.220075 0.278396 0.028356 0.010502
2 0.283129 0.281665 0.041391 0.012087
2 0.371987 0.287362 0.081725 0.013771
2 0.458819 0.291721 0.038749 0.011790
2 0.524427 0.295535 0.036811 0.011691
