2 0.42220370370370375 0.2805104166666667 0.03572222222222222 0.0080625
2 0.642962962962963 0.2803020833333333 0.03813888888888889 0.007963541666666666
2 0.578925925925926 0.28035937499999997 0.04000925925925926 0.008515625
5 0.692787037037037 0.3775729166666667 0.04492592592592593 0.008572916666666668
4 0.6965 0.3653177083333333 0.05962037037037037 0.008645833333333333
3 0.317348 0.428938 0.120330 0.081142
0 0.504977 0.665712 0.419206 0.058647
2 0.49997222222222226 0.28041666666666665 0.07353703703703704 0.008989583333333334
4 0.311359 0.446032 0.044554 0.010807
5 0.306220 0.455857 0.037525 0.008393
6 0.493548 0.439483 0.290832 0.028828
6 0.480673 0.523205 0.289812 0.035831
6 0.557373 0.499866 0.144813 0.028734
6 0.409464 0.493422 0.137738 0.026640
0 0.549400 0.600626 0.158751 0.035955
0 0.386650 0.589993 0.148821 0.035064
0 0.253969 0.646919 0.068796 0.027927
3 0.698079 0.347142 0.131756 0.086529
2 0.3709814814814815 0.2807760416666667 0.0247962962962963 0.010057291666666666
2 0.31467592592592597 0.280703125 0.04409259259259259 0.009911458333333335
4 0.5077222222222223 0.3349114583333333 0.0618425925925926 0.010609375
6 0.576618 0.383423 0.144701 0.025117
6 0.429878 0.380642 0.139475 0.025109
7 0.491415 0.469518 0.395340 0.325545
