0 0.485267 0.683354 0.413176 0.059979
0 0.239449 0.662094 0.067877 0.028918
1 0.454209 0.646377 0.485396 0.063942
3 0.430098 0.363236 0.120144 0.081666
3 0.313625 0.361000 0.117351 0.080457
3 0.551735 0.365843 0.126331 0.084439
3 0.679681 0.367298 0.129306 0.085702
4 0.426752 0.378987 0.042761 0.008994
4 0.549619 0.382166 0.042761 0.008994
4 0.678690 0.384274 0.056851 0.009390
4 0.414148 0.467040 0.073099 0.010059
5 0.425651 0.390700 0.040716 0.008471
5 0.547775 0.393372 0.040717 0.008471
5 0.410486 0.478014 0.040716 0.008471
5 0.291669 0.473606 0.040716 0.008471
5 0.675880 0.396108 0.041631 0.008410
2 0.625501 0.301009 0.039423 0.008725
2 0.5644351851851852 0.3002239583333333 0.03654629629629629 0.008531249999999999
2 0.48530555555555555 0.300515625 0.07147222222222221 0.009104166666666667
2 0.40837962962962965 0.29990104166666665 0.03425 0.008817708333333334
2 0.35612962962962963 0.2990260416666667 0.02436111111111111 0.008432291666666668
3 0.414963 0.450107 0.120858 0.082299
4 0.272897 0.628865 0.045518 0.011657
5 0.667497 0.663221 0.056804 0.014311
3 0.297578 0.446432 0.116964 0.081952
4 0.295659 0.461670 0.042761 0.008994
4 0.310649 0.376620 0.031871 0.008792
5 0.307712 0.387905 0.040716 0.008471
