2 0.169016 0.579429 0.040733 0.036100
2 0.194320 0.547495 0.037031 0.022216
2 0.321643 0.396620 0.033996 0.027933
2 0.295555 0.430555 0.050496 0.030672
2 0.258691 0.472966 0.056215 0.050363
2 0.220987 0.516614 0.038709 0.032566
3 0.454109 0.395781 0.178419 0.094289
3 0.397039 0.459632 0.182459 0.095046
3 0.341829 0.525142 0.185153 0.093531
3 0.290997 0.592734 0.183132 0.093153
3 0.541458 0.498635 0.175053 0.092016
3 0.489952 0.561304 0.178420 0.093153
3 0.438109 0.629943 0.177073 0.094108
4 0.315786 0.602581 0.040662 0.038624
4 0.476707 0.401514 0.040662 0.038624
4 0.565325 0.504605 0.044860 0.048669
4 0.424191 0.466456 0.048731 0.048105
4 0.371348 0.533112 0.040662 0.038624
4 0.511843 0.569448 0.034338 0.022720
4 0.463163 0.636851 0.030705 0.024992
5 0.338138 0.606556 0.032318 0.029915
5 0.392969 0.538774 0.037115 0.035216
5 0.444478 0.474593 0.037115 0.035216
5 0.533691 0.574376 0.037116 0.035216
5 0.485555 0.641971 0.037115 0.035217
5 0.584194 0.513416 0.037116 0.035216
5 0.497680 0.409854 0.037116 0.035216
1 0.793024 0.606208 0.223531 0.254466
0 0.858332 0.596742 0.180440 0.212812
0 0.766429 0.722081 0.061269 0.043926
