1 0.636799 0.712065 0.411224 0.162952
2 0.157715 0.456111 0.062904 0.025749
2 0.219747 0.437935 0.037137 0.018176
2 0.272589 0.421480 0.045179 0.019340
2 0.352210 0.399612 0.077437 0.029157
2 0.427272 0.377744 0.038406 0.017554
2 0.483021 0.361232 0.040116 0.017852
3 0.244081 0.511054 0.182606 0.110977
3 0.364352 0.474740 0.167593 0.103646
3 0.478550 0.438721 0.168341 0.101724
3 0.590278 0.405469 0.152778 0.098438
4 0.258571 0.526514 0.060792 0.024992
4 0.379186 0.489177 0.070311 0.028864
4 0.493986 0.454817 0.060793 0.024992
4 0.604555 0.420013 0.060793 0.024992
5 0.269945 0.537384 0.049149 0.020529
5 0.387920 0.500795 0.049149 0.020529
5 0.503247 0.465690 0.049149 0.020529
5 0.612226 0.431478 0.049148 0.020530
0 0.498502 0.798408 0.080409 0.042203
0 0.698831 0.726546 0.334700 0.133366
