2 0.141463 0.511238 0.050785 0.033323
2 0.186429 0.484460 0.041263 0.029753
2 0.228750 0.459766 0.049727 0.031537
2 0.289056 0.423170 0.070887 0.042844
2 0.348754 0.388954 0.046713 0.027967
2 0.394858 0.364558 0.047610 0.025587
1 0.734351 0.652138 0.343458 0.223888
0 0.645478 0.761739 0.073135 0.047381
0 0.799618 0.656303 0.281432 0.186399
3 0.252023 0.547494 0.197461 0.109225
3 0.345405 0.490104 0.186799 0.105522
3 0.430198 0.436186 0.183440 0.105060
3 0.520004 0.383888 0.179927 0.099506
3 0.375441 0.607660 0.182684 0.105522
3 0.461434 0.552354 0.181861 0.103208
3 0.547016 0.499361 0.178569 0.099043
4 0.271327 0.557217 0.056781 0.031471
4 0.364726 0.502836 0.052666 0.032860
4 0.456426 0.447529 0.073346 0.041654
4 0.539341 0.395694 0.062221 0.035174
4 0.396042 0.619929 0.041055 0.025455
4 0.486157 0.564854 0.040217 0.024530
4 0.566293 0.510473 0.070858 0.041654
5 0.293170 0.565548 0.049303 0.024992
5 0.382360 0.512555 0.048669 0.028232
5 0.470469 0.457249 0.040322 0.024066
5 0.556007 0.403793 0.050286 0.025455
5 0.413689 0.629880 0.045260 0.026844
5 0.499531 0.573185 0.046387 0.024530
5 0.581519 0.520886 0.043697 0.027307
