0 0.762895 0.667352 0.058157 0.046032
0 0.813471 0.520609 0.130231 0.246051
3 0.354758 0.612498 0.176132 0.082368
3 0.379578 0.536148 0.175094 0.084120
3 0.187871 0.594684 0.176134 0.084671
3 0.213068 0.518784 0.177612 0.084302
3 0.239250 0.443947 0.176462 0.084764
4 0.269451 0.446709 0.022832 0.027803
4 0.243505 0.522565 0.023871 0.028314
4 0.217624 0.597691 0.021146 0.021090
4 0.385301 0.615059 0.022832 0.027073
4 0.410923 0.539860 0.029969 0.046265
5 0.433107 0.542486 0.022703 0.024957
5 0.407096 0.617795 0.021017 0.025103
5 0.240781 0.600209 0.022055 0.024811
5 0.265819 0.524827 0.022573 0.025541
5 0.291506 0.449482 0.021794 0.025760
2 0.130220 0.391955 0.022174 0.021951
2 0.117013 0.429161 0.023153 0.022133
2 0.100655 0.478045 0.031087 0.045307
2 0.082991 0.526989 0.022718 0.022745
2 0.072013 0.560618 0.020544 0.015652
2 0.059675 0.597487 0.026305 0.029838
