2 0.2097037037037037 0.2615677083333333 0.06003703703703704 0.012598958333333334
2 0.2825185185185185 0.26269270833333336 0.03208333333333333 0.0115
2 0.3485185185185185 0.26405208333333335 0.04357407407407408 0.011833333333333333
2 0.44333333333333336 0.265390625 0.08954629629629629 0.012598958333333334
2 0.5362407407407407 0.26615625 0.04587037037037037 0.012213541666666666
2 0.6065833333333334 0.2674947916666667 0.04460185185185185 0.012979166666666668
4 0.23912037037037037 0.3545833333333333 0.06615740740740741 0.010729166666666668
4 0.3882129629629629 0.355921875 0.05496296296296296 0.009583333333333333
4 0.534962962962963 0.3571666666666667 0.06625 0.01015625
4 0.6799814814814815 0.3589114583333333 0.0502962962962963 0.009343750000000001
4 0.23954629629629628 0.45862499999999995 0.06531481481481483 0.009869791666666666
4 0.3890185185185185 0.4584322916666667 0.06337037037037037 0.009489583333333333
4 0.5365833333333333 0.45840625 0.051638888888888894 0.009916666666666666
5 0.23912037037037037 0.36826562500000004 0.04831481481481482 0.00940625
5 0.38808333333333334 0.3693385416666667 0.048740740740740744 0.009166666666666667
5 0.5346203703703704 0.370390625 0.047712962962962964 0.009833333333333333
5 0.6798518518518518 0.3717760416666666 0.04833333333333334 0.009734375
5 0.2383148148148148 0.47175 0.05179629629629629 0.009348958333333332
5 0.3896111111111111 0.472203125 0.049249999999999995 0.008822916666666668
5 0.5367500000000001 0.47256250000000005 0.048574074074074075 0.010015625
3 0.239515 0.336474 0.136081 0.093730
3 0.389263 0.337392 0.133571 0.094718
3 0.535486 0.338909 0.131311 0.093306
3 0.679139 0.340074 0.129052 0.091895
3 0.237640 0.437761 0.139471 0.097115
3 0.389514 0.439571 0.134745 0.094443
3 0.537154 0.439571 0.131925 0.093500
1 0.459872 0.592343 0.579655 0.036906
1 0.460395 0.627552 0.582211 0.033512
1 0.460271 0.662670 0.579681 0.039452
0 0.213633 0.703666 0.085848 0.029032
0 0.509650 0.700750 0.484649 0.037729
