0 0.0961574074074074 0.7032395833333334 0.08008333333333333 0.026807291666666667
0 0.36658333333333337 0.7023645833333333 0.4410277777777778 0.027598958333333333
3 0.145044 0.357902 0.138967 0.096794
3 0.287532 0.363896 0.134739 0.094318
3 0.424033 0.370088 0.129104 0.091841
3 0.555866 0.375438 0.123995 0.091841
4 0.144306 0.376387 0.063861 0.010915
4 0.286229 0.381596 0.073564 0.011015
4 0.422243 0.387451 0.059098 0.010817
4 0.554464 0.392710 0.056806 0.011214
5 0.142276 0.389485 0.047455 0.010122
5 0.284818 0.394943 0.047102 0.009923
5 0.421890 0.400153 0.045691 0.009626
5 0.552964 0.405362 0.043573 0.009725
2 0.121019 0.285093 0.055394 0.012503
2 0.191937 0.288815 0.027873 0.010221
2 0.255357 0.291742 0.040751 0.011313
2 0.344533 0.297100 0.081502 0.013098
2 0.431945 0.301814 0.038987 0.011412
2 0.497395 0.304890 0.037929 0.011214
