2 0.392851 0.301054 0.060042 0.021063
2 0.443908 0.309231 0.038456 0.017305
2 0.491058 0.316755 0.043806 0.016553
2 0.559776 0.328981 0.083599 0.022948
2 0.629999 0.341302 0.044141 0.018245
2 0.686010 0.352493 0.047150 0.019562
4 0.363032 0.369260 0.062197 0.018486
4 0.473884 0.389037 0.046481 0.015800
4 0.583732 0.409258 0.064204 0.021255
4 0.696758 0.429572 0.052834 0.018622
4 0.423056 0.463471 0.061863 0.021819
4 0.532069 0.484537 0.056513 0.021067
5 0.359855 0.377510 0.045144 0.016176
5 0.466527 0.398577 0.049825 0.017681
5 0.577713 0.418704 0.050159 0.017305
5 0.689401 0.440523 0.052834 0.018057
5 0.416368 0.473722 0.055175 0.018622
5 0.526718 0.496105 0.049825 0.017869
3 0.372348 0.354374 0.156831 0.090286
3 0.482866 0.376194 0.149809 0.091039
3 0.590708 0.397261 0.157499 0.094801
3 0.703399 0.417575 0.162181 0.097058
3 0.429864 0.450398 0.152819 0.091227
3 0.540381 0.471841 0.154491 0.093484
1 0.373947 0.630030 0.467671 0.128470
0 0.166883 0.617898 0.084601 0.036491
0 0.388921 0.668026 0.393582 0.108156
