3 0.32246296296296295 0.4518697916666667 0.14492592592592593 0.06484895833333333
3 0.32107407407407407 0.5232135416666667 0.1452314814814815 0.065171875
3 0.47724999999999995 0.5258697916666667 0.1489537037037037 0.06840625
3 0.31685185185185183 0.593890625 0.1475925925925926 0.06252604166666667
3 0.4749351851851851 0.5955208333333334 0.14432407407407408 0.06447916666666667
3 0.3133796296296296 0.6662760416666667 0.14527777777777778 0.06666666666666667
3 0.47297222222222224 0.6678385416666667 0.14270370370370372 0.06458333333333334
2 0.2056388888888889 0.48512500000000003 0.020074074074074074 0.025979166666666668
2 0.20321296296296296 0.519625 0.01937962962962963 0.024666666666666667
2 0.20482407407407408 0.5674010416666667 0.02539814814814815 0.044697916666666664
2 0.19985185185185186 0.613296875 0.02238888888888889 0.02059895833333333
2 0.19962037037037036 0.6465572916666668 0.017296296296296296 0.02071875
2 0.1957962962962963 0.6811875000000001 0.023083333333333334 0.027479166666666666
4 0.3558611111111111 0.453359375 0.01958333333333333 0.040567708333333334
4 0.3512314814814815 0.52209375 0.02884259259259259 0.047838541666666665
4 0.3466018518518518 0.595328125 0.01958333333333333 0.03675
4 0.34509259259259256 0.6647812500000001 0.01888888888888889 0.036333333333333336
4 0.5045740740740742 0.526 0.01839814814814815 0.045234375
4 0.5059629629629631 0.5950677083333333 0.021175925925925928 0.025812500000000002
4 0.5036481481481482 0.6660833333333334 0.0165462962962963 0.023317708333333336
5 0.3751851851851852 0.45440104166666667 0.01425925925925926 0.027026041666666667
5 0.37333333333333335 0.5243749999999999 0.019814814814814813 0.02765625
5 0.36719444444444443 0.5950677083333333 0.019120370370370367 0.025812500000000002
5 0.5284074074074073 0.5260677083333333 0.015157407407407408 0.0284375
5 0.524824074074074 0.5973437500000001 0.014925925925925928 0.031671875
5 0.5236666666666666 0.6664739583333333 0.01724074074074074 0.026703125
5 0.3661574074074074 0.6656927083333334 0.015648148148148147 0.02618229166666667
1 0.8109074074074074 0.5627604166666667 0.040796296296296296 0.27369791666666665
0 0.8591666666666666 0.541546875 0.04240740740740741 0.22866145833333332
0 0.8573148148148148 0.6802760416666668 0.0387037037037037 0.038671875