2 0.22681481481481483 0.48403125 0.027703703703703706 0.029
2 0.2270462962962963 0.5192447916666667 0.023546296296296294 0.025213541666666665
2 0.22091666666666668 0.5643541666666666 0.022851851851851852 0.04641666666666667
2 0.2192962962962963 0.609921875 0.02424074074074074 0.028177083333333335
2 0.21860185185185185 0.643578125 0.02748148148148148 0.021265625
2 0.21582407407407408 0.6795052083333334 0.031185185185185184 0.030630208333333336
3 0.3448611111111111 0.448421875 0.1480462962962963 0.06455208333333333
3 0.3409259259259259 0.520609375 0.14480555555555555 0.06699999999999999
3 0.3391851851851852 0.5918854166666667 0.14827777777777776 0.06502604166666666
3 0.4977407407407407 0.5940989583333334 0.1459351851851852 0.06684895833333333
3 0.3366388888888889 0.6642708333333334 0.14781481481481482 0.06396354166666667
3 0.4941481481481481 0.664859375 0.14570370370370372 0.06383333333333334
4 0.37263888888888885 0.44927083333333334 0.018425925925925925 0.033692708333333335
4 0.3684722222222222 0.520484375 0.01935185185185185 0.027682291666666668
4 0.3666203703703704 0.591890625 0.015648148148148147 0.028572916666666667
4 0.36603703703703705 0.6639479166666666 0.016805555555555553 0.022953125
4 0.5264444444444444 0.5930625 0.018166666666666668 0.043932291666666665
4 0.5225092592592592 0.6622552083333333 0.014925925925925928 0.027380208333333333
5 0.39439814814814816 0.448421875 0.01563888888888889 0.028098958333333333
5 0.39196296296296296 0.522046875 0.013101851851851852 0.02559895833333333
5 0.3886111111111111 0.59221875 0.017953703703703704 0.027921875
5 0.38675925925925925 0.664015625 0.01425925925925926 0.026989583333333334
5 0.5466944444444444 0.5948177083333334 0.014694444444444444 0.027921875
5 0.5442685185185184 0.6645989583333333 0.02140740740740741 0.026859375
1 0.8334722222222222 0.5590625 0.048435185185185185 0.275421875
0 0.8876388888888889 0.5372604166666667 0.0475 0.22738541666666665
0 0.8804629629629629 0.6778125 0.04333333333333333 0.04416666666666667