2 0.189534 0.243998 0.061306 0.013964
2 0.261058 0.246560 0.033787 0.011905
2 0.324495 0.248728 0.043472 0.011629
2 0.417807 0.252220 0.088108 0.013637
2 0.510331 0.254982 0.042019 0.012155
2 0.579829 0.257166 0.042309 0.011548
3 0.213969 0.317484 0.138506 0.095417
3 0.360592 0.322137 0.136183 0.094112
3 0.503819 0.326053 0.134120 0.093532
3 0.646096 0.330258 0.128962 0.092662
3 0.205282 0.416851 0.140053 0.097882
3 0.354019 0.421885 0.136442 0.094982
3 0.498892 0.424690 0.132315 0.094837
4 0.212175 0.335619 0.064132 0.010779
4 0.359451 0.339512 0.052219 0.010255
4 0.503558 0.344105 0.063364 0.011132
4 0.646264 0.348027 0.049621 0.010068
4 0.204684 0.436926 0.067391 0.012286
4 0.352369 0.440146 0.065441 0.012187
4 0.497521 0.443397 0.053269 0.010874
5 0.210464 0.349025 0.049514 0.010091
5 0.358023 0.353103 0.047287 0.009015
5 0.502392 0.357342 0.047818 0.010074
5 0.644582 0.360859 0.047160 0.009761
5 0.203306 0.450398 0.049374 0.009818
5 0.351487 0.453657 0.049596 0.011516
5 0.497160 0.457197 0.049375 0.010678
0 0.164097 0.677132 0.084556 0.029292
