0 0.523444 0.496219 0.172447 0.087622
0 0.381937 0.468511 0.169929 0.087558
0 0.421954 0.532367 0.289317 0.074898
0 0.372054 0.669002 0.382724 0.102181
0 0.150740 0.621391 0.072439 0.033787
1 0.357181 0.633520 0.447521 0.111481
1 0.373801 0.609179 0.446614 0.110655
1 0.391778 0.582433 0.445605 0.111623
5 0.571284 0.618560 0.055610 0.018750
5 0.554159 0.646242 0.055610 0.018749
5 0.537034 0.671696 0.055610 0.018749
4 0.249421 0.550012 0.074092 0.020978
4 0.201255 0.601260 0.055244 0.017244
4 0.209817 0.574981 0.035644 0.012809
7 0.449417 0.490336 0.388214 0.184235
3 0.354452 0.362588 0.138223 0.080049
3 0.461270 0.381570 0.138289 0.082146
3 0.568602 0.401084 0.142383 0.084926
3 0.678212 0.419944 0.140970 0.085152
4 0.558918 0.413773 0.070132 0.018641
4 0.451265 0.394707 0.033220 0.010911
4 0.345974 0.375456 0.040690 0.013106
4 0.670281 0.433064 0.051412 0.014580
5 0.663978 0.442919 0.040091 0.013323
5 0.552359 0.423345 0.040091 0.013323
5 0.444328 0.404049 0.040090 0.013323
2 0.657709 0.356918 0.034669 0.011825
2 0.604808 0.347828 0.034669 0.011826
2 0.535594 0.336790 0.064248 0.016219
