3 0.20110185185185184 0.28487500000000004 0.13243518518518518 0.09469270833333333
3 0.35078703703703706 0.2888072916666667 0.13208333333333333 0.09336458333333333
3 0.497037037037037 0.291578125 0.13011111111111112 0.09025
3 0.6380092592592592 0.2951666666666667 0.12467592592592593 0.09147395833333333
3 0.19717592592592592 0.387890625 0.13719444444444442 0.09276041666666666
2 0.17202777777777778 0.20994791666666668 0.052759259259259256 0.009755208333333333
2 0.2448240740740741 0.21181250000000001 0.025935185185185186 0.008859375000000001
2 0.3117314814814815 0.21400520833333334 0.03994444444444444 0.009083333333333334
2 0.40605555555555556 0.216390625 0.08197222222222222 0.008447916666666666
2 0.5000277777777777 0.21956770833333333 0.037879629629629624 0.008567708333333333
2 0.5699444444444444 0.2211875 0.03643518518518519 0.008890625000000001
4 0.2009351851851852 0.3038854166666667 0.05132407407407407 0.008302083333333333
4 0.3494351851851852 0.3071770833333333 0.036953703703703704 0.0078125
4 0.49539814814814814 0.3095416666666667 0.08555555555555557 0.008374999999999999
4 0.6396481481481482 0.31283854166666664 0.060472222222222226 0.007901041666666667
4 0.1956388888888889 0.4065625 0.06141666666666667 0.007734375
5 0.1991388888888889 0.3177447916666667 0.0455 0.0077239583333333335
5 0.3487222222222222 0.32010937500000003 0.045879629629629624 0.007885416666666667
5 0.49545370370370373 0.323515625 0.045731481481481484 0.007203125
5 0.6391759259259259 0.3262760416666667 0.04475 0.007734375
5 0.1949814814814815 0.42100000000000004 0.04532407407407408 0.007895833333333333
0 0.41541666666666666 0.6509947916666667 0.5619074074074074 0.03221875