3 0.34296296296296297 0.47018229166666664 0.14889814814814814 0.06629166666666667
3 0.34255555555555556 0.5410625 0.14807407407407405 0.06800520833333333
3 0.49778703703703703 0.5462135416666667 0.14372222222222222 0.06788541666666667
3 0.3330925925925926 0.6136770833333334 0.14560185185185184 0.06624479166666666
3 0.49274999999999997 0.615125 0.14392592592592593 0.06334895833333333
3 0.3312407407407407 0.6866979166666667 0.14601851851851852 0.066453125
3 0.4928518518518518 0.6865833333333333 0.15030555555555555 0.06390625
2 0.2228148148148148 0.5045520833333333 0.023824074074074074 0.026239583333333334
2 0.22158333333333333 0.5406041666666667 0.02135185185185185 0.025416666666666664
2 0.21880555555555556 0.5871197916666666 0.021972222222222223 0.04438020833333333
2 0.21510185185185185 0.6339322916666668 0.014564814814814815 0.025734374999999997
2 0.21397222222222223 0.66696875 0.018472222222222223 0.023526041666666667
2 0.2157222222222222 0.6993177083333334 0.028148148148148148 0.029187499999999998
4 0.3743425925925926 0.4711666666666667 0.0202962962962963 0.043953125
4 0.5274166666666666 0.545 0.021916666666666668 0.04809895833333333
4 0.3694074074074074 0.541296875 0.018657407407407407 0.045322916666666664
4 0.3655 0.6156458333333333 0.014953703703703702 0.03546354166666667
4 0.3596388888888889 0.6871614583333333 0.013509259259259259 0.03497395833333334
4 0.5248518518518519 0.6156510416666666 0.018833333333333334 0.021572916666666667
4 0.5193981481481482 0.6863541666666666 0.018212962962962966 0.02178645833333333
5 0.3944074074074074 0.47122395833333336 0.013092592592592593 0.024395833333333335
5 0.39070370370370366 0.5412395833333333 0.02214814814814815 0.027848958333333333
5 0.5498425925925926 0.5456354166666666 0.0215 0.027385416666666666
5 0.5440833333333334 0.6164010416666666 0.016564814814814817 0.02655208333333333
5 0.38637962962962963 0.6162239583333334 0.017620370370370373 0.029677083333333333
5 0.38637962962962963 0.6873958333333333 0.025851851851851855 0.02618229166666667
5 0.5421296296296296 0.6870468750000001 0.02047222222222222 0.027802083333333335
0 0.8757407407407407 0.5610677083333333 0.03955555555555555 0.22144270833333335
0 0.8725555555555555 0.6986770833333333 0.039342592592592596 0.040640625