1 0.488083 0.590245 0.497546 0.025703
1 0.486418 0.618785 0.505342 0.026053
1 0.484739 0.650354 0.511678 0.031729
1 0.483781 0.680916 0.515081 0.026361
3 0.437857 0.404771 0.113706 0.072331
3 0.315583 0.405142 0.113706 0.072331
3 0.307621 0.485593 0.116066 0.076110
3 0.560684 0.404543 0.113706 0.072331
3 0.685659 0.402331 0.112515 0.072188
4 0.315817 0.419547 0.074415 0.008121
4 0.306738 0.500375 0.055068 0.008539
4 0.437113 0.419003 0.065782 0.009209
4 0.560940 0.417747 0.066378 0.008706
4 0.685213 0.416575 0.075606 0.009376
5 0.313287 0.429132 0.040780 0.007032
5 0.438070 0.429168 0.040779 0.007032
5 0.559833 0.428438 0.040779 0.007032
5 0.685999 0.427157 0.040780 0.007032
5 0.305486 0.511199 0.040780 0.007032
4 0.314291 0.590847 0.060873 0.011352
4 0.305028 0.619134 0.050949 0.009863
4 0.306186 0.645652 0.061204 0.009305
4 0.310487 0.678405 0.076422 0.009677
5 0.696735 0.590437 0.059550 0.010049
5 0.700609 0.619682 0.059550 0.010049
5 0.697976 0.651280 0.059550 0.010049
5 0.702316 0.685623 0.059550 0.010049
2 0.356329 0.350565 0.028125 0.008695
2 0.409209 0.349225 0.036260 0.007322
2 0.486146 0.348898 0.072289 0.008760
2 0.562154 0.348114 0.039980 0.009676
2 0.622472 0.346741 0.036029 0.007976
0 0.260046 0.709269 0.078881 0.026771
0 0.532587 0.712151 0.452042 0.030748
