1 0.602443 0.718135 0.450077 0.166235
2 0.123282 0.447970 0.065766 0.024234
2 0.405953 0.375645 0.049823 0.023478
2 0.464404 0.359743 0.047803 0.020453
2 0.327137 0.395506 0.090447 0.033336
2 0.187624 0.430677 0.033664 0.017703
3 0.209346 0.506250 0.179804 0.108333
3 0.285849 0.594294 0.174581 0.108333
3 0.338322 0.470730 0.173148 0.107813
3 0.408649 0.559022 0.169041 0.104523
4 0.221267 0.522497 0.065430 0.023478
4 0.348857 0.487852 0.065430 0.023477
4 0.298701 0.609598 0.065430 0.023478
4 0.418885 0.573816 0.065430 0.023478
5 0.232967 0.534615 0.050109 0.019691
5 0.358537 0.499591 0.050108 0.019691
5 0.308381 0.621336 0.050109 0.019691
5 0.429579 0.585369 0.050109 0.019691
0 0.447222 0.805921 0.077778 0.041284
0 0.661574 0.734168 0.358333 0.137914
