2 0.19071296296296297 0.24326562499999999 0.05421296296296296 0.010942708333333334
2 0.26796296296296296 0.243390625 0.028981481481481483 0.009223958333333334
2 0.3375648148148148 0.24327604166666666 0.04374074074074074 0.008901041666666666
2 0.43639814814814815 0.24313541666666666 0.08837962962962963 0.009208333333333334
2 0.5350833333333334 0.24346354166666667 0.041435185185185186 0.008880208333333334
2 0.608824074074074 0.243625 0.039712962962962964 0.009203125000000001
3 0.22669444444444445 0.3220677083333333 0.14207407407407407 0.09714583333333333
3 0.3825 0.3207760416666667 0.1403888888888889 0.09789583333333333
3 0.5351296296296297 0.32035416666666666 0.1363148148148148 0.097046875
3 0.6857037037037037 0.319375 0.137 0.09675520833333334
4 0.22699074074074074 0.3412604166666667 0.06476851851851852 0.007895833333333333
5 0.2278425925925926 0.35518750000000004 0.04666666666666667 0.007114583333333333
4 0.5364074074074074 0.3396822916666667 0.06525 0.007598958333333333
5 0.5364351851851852 0.3538854166666667 0.04722222222222222 0.008005208333333333
4 0.6875648148148149 0.3393125 0.05077777777777778 0.008135416666666666
5 0.6871851851851851 0.3530416666666667 0.04549074074074074 0.007911458333333333
0 0.582132 0.693025 0.366694 0.039909
