2 0.193465 0.237654 0.060871 0.016977
2 0.267291 0.240654 0.039410 0.014004
2 0.333083 0.243011 0.047152 0.011067
2 0.429005 0.247084 0.089847 0.014265
2 0.522487 0.250465 0.041288 0.011460
2 0.594270 0.253564 0.042694 0.011064
3 0.216803 0.313924 0.147020 0.098147
3 0.367827 0.319040 0.143575 0.098689
3 0.515863 0.323991 0.140895 0.098364
3 0.660394 0.329105 0.134385 0.096748
3 0.207525 0.415986 0.147786 0.101479
3 0.358831 0.421237 0.142809 0.098524
3 0.507946 0.425839 0.142426 0.099653
4 0.215719 0.332161 0.068342 0.011410
4 0.366694 0.337114 0.054119 0.010867
4 0.513931 0.342040 0.064006 0.011695
4 0.660769 0.346742 0.050430 0.010135
4 0.206747 0.436032 0.068835 0.011763
4 0.358181 0.440118 0.065057 0.010734
4 0.508034 0.444173 0.052977 0.010547
5 0.214196 0.345820 0.050831 0.010005
5 0.365519 0.350535 0.049302 0.010030
5 0.513488 0.355451 0.048847 0.010191
5 0.659181 0.360107 0.048586 0.009733
5 0.204982 0.450161 0.050587 0.010072
5 0.356780 0.453749 0.050185 0.010141
5 0.506342 0.457969 0.048314 0.010584
1 0.412867 0.552953 0.571969 0.044197
1 0.409578 0.590474 0.571596 0.043809
1 0.408390 0.626077 0.571270 0.037994
1 0.406647 0.654310 0.573760 0.028469
0 0.161480 0.682454 0.088398 0.029796
0 0.455443 0.686544 0.481001 0.036776
