0 0.081432 0.630587 0.069472 0.028110
0 0.301084 0.651129 0.365333 0.055860
1 0.276270 0.621242 0.430331 0.060496
3 0.198304 0.376143 0.114306 0.071897
3 0.297830 0.385659 0.114306 0.071897
3 0.403760 0.395174 0.114306 0.071897
3 0.506487 0.405411 0.114306 0.071897
3 0.171676 0.445663 0.114306 0.071897
2 0.471175 0.352113 0.035847 0.010066
2 0.420351 0.346794 0.033725 0.009822
2 0.355614 0.340111 0.066978 0.013538
2 0.289337 0.333558 0.037555 0.011945
2 0.244068 0.328751 0.027429 0.008937
2 0.192676 0.324892 0.044951 0.012593
4 0.295603 0.398618 0.035520 0.009969
4 0.400031 0.408924 0.069972 0.012162
4 0.503059 0.418702 0.051336 0.010191
4 0.166010 0.458477 0.052919 0.011081
4 0.127646 0.607353 0.059341 0.012865
5 0.454556 0.638169 0.052369 0.014517
