7 0.495497 0.438535 0.377009 0.166158
1 0.480151 0.577682 0.493437 0.055366
1 0.475925 0.606739 0.492864 0.056898
0 0.258950 0.621139 0.060841 0.026138
0 0.510924 0.641882 0.421364 0.059472
2 0.502530 0.249787 0.080041 0.009923
2 0.584145 0.249200 0.037018 0.008559
2 0.648869 0.248296 0.037019 0.008559
2 0.423469 0.249892 0.037019 0.008559
0 0.498619 0.413201 0.317370 0.037016
0 0.487480 0.488158 0.319989 0.041444
3 0.704482 0.316876 0.131751 0.087147
3 0.571942 0.317139 0.128828 0.087029
3 0.325401 0.313297 0.118191 0.083596
3 0.443500 0.315342 0.125277 0.086131
0 0.493071 0.451326 0.317371 0.037016
4 0.702019 0.334841 0.062371 0.010201
4 0.569583 0.332446 0.045885 0.008192
4 0.444676 0.332044 0.045885 0.008192
4 0.324636 0.330676 0.031733 0.007586
5 0.323050 0.341966 0.039349 0.008568
5 0.442481 0.342922 0.039350 0.008568
5 0.567988 0.345533 0.041345 0.008486
5 0.699729 0.346951 0.043158 0.008810
