2 0.128794 0.283233 0.050824 0.010598
2 0.194369 0.281350 0.025783 0.009343
2 0.255234 0.280165 0.037436 0.009762
2 0.342873 0.277655 0.080822 0.010320
2 0.431381 0.276260 0.039171 0.009483
2 0.498567 0.274796 0.037683 0.009065
3 0.162883 0.351705 0.125943 0.089530
4 0.163999 0.369486 0.058261 0.009065
5 0.164494 0.381549 0.044378 0.008367
3 0.297875 0.349195 0.127679 0.090367
4 0.298992 0.366836 0.058013 0.009902
5 0.298619 0.378829 0.043385 0.008507
3 0.432744 0.346127 0.127182 0.089809
4 0.433736 0.364117 0.082062 0.010320
5 0.434728 0.376807 0.043881 0.009483
3 0.570216 0.343617 0.126935 0.090367
4 0.570835 0.361328 0.070161 0.009204
5 0.570588 0.373879 0.044873 0.008646
3 0.170919 0.446243 0.126504 0.088556
4 0.170919 0.463575 0.037206 0.009157
3 0.304365 0.443512 0.126688 0.088021
4 0.305334 0.461635 0.037062 0.008720
5 0.305334 0.473557 0.044329 0.008856
3 0.438925 0.441264 0.125476 0.088430
4 0.439773 0.459250 0.082117 0.008856
5 0.440500 0.471377 0.046266 0.008311
1 0.382569 0.583887 0.518441 0.035439
1 0.384276 0.615056 0.516544 0.031596
1 0.386933 0.643556 0.514267 0.030955
0 0.169271 0.676006 0.074389 0.025832
0 0.429251 0.674405 0.431148 0.030742
