2 0.24403703703703705 0.28915624999999995 0.028814814814814817 0.012479166666666668
2 0.3095833333333334 0.2887395833333333 0.04139814814814815 0.0158125
2 0.4055925925925926 0.2870729166666666 0.09082407407407407 0.012479166666666668
2 0.49966666666666665 0.2861875 0.04191666666666667 0.01175
2 0.5725277777777779 0.28379166666666666 0.04135185185185185 0.013208333333333332
2 0.17264814814814816 0.29009375 0.05825925925925926 0.013307291666666667
3 0.501852 0.359375 0.133333 0.096875
3 0.505836 0.461117 0.134259 0.096875
3 0.219963 0.466535 0.134259 0.096875
3 0.645818 0.356990 0.134259 0.096875
3 0.356242 0.362408 0.134259 0.096875
3 0.210345 0.364494 0.134259 0.096875
4 0.210886 0.384234 0.071772 0.011663
4 0.357530 0.380488 0.071771 0.011663
4 0.501953 0.378409 0.071772 0.011663
4 0.646375 0.376329 0.071772 0.011663
4 0.222008 0.485465 0.071772 0.011663
5 0.211350 0.397771 0.056032 0.013746
5 0.358735 0.394859 0.056032 0.013746
5 0.502416 0.392779 0.056032 0.013745
5 0.646098 0.389867 0.056032 0.013745
5 0.222472 0.498586 0.056032 0.013746
0 0.223075 0.708768 0.080727 0.027908
