2 0.399004 0.236290 0.085004 0.011747
2 0.489137 0.234642 0.041037 0.010923
2 0.559668 0.233714 0.039205 0.010305
3 0.213506 0.312377 0.128325 0.092095
4 0.213690 0.329800 0.061581 0.010786
5 0.214612 0.342660 0.045724 0.009541
3 0.351773 0.309485 0.128605 0.092376
4 0.351615 0.327925 0.060206 0.010106
5 0.352088 0.340514 0.044759 0.008688
3 0.489654 0.307529 0.128726 0.092604
4 0.490529 0.325590 0.084942 0.009852
5 0.490821 0.338726 0.046994 0.009195
3 0.630639 0.305805 0.129309 0.093424
4 0.630931 0.324030 0.073850 0.009359
5 0.631076 0.337166 0.046703 0.009031
3 0.220331 0.408864 0.126634 0.089579
4 0.220651 0.426312 0.038374 0.008994
5 0.220491 0.439083 0.045729 0.009354
3 0.356399 0.406615 0.126954 0.089400
4 0.356079 0.425322 0.038055 0.009533
5 0.356879 0.437644 0.044130 0.009354
3 0.493097 0.405424 0.127039 0.090094
4 0.493781 0.423597 0.082411 0.009395
5 0.494055 0.436533 0.045175 0.009086
1 0.435587 0.610863 0.522067 0.026004
0 0.214406 0.642022 0.073329 0.025107
0 0.478428 0.642359 0.436384 0.027573
