2 0.640804 0.334801 0.049534 0.018575
2 0.694663 0.345526 0.043244 0.016143
3 0.382713 0.346410 0.157645 0.091330
3 0.488662 0.367860 0.150176 0.089118
3 0.597363 0.389642 0.156073 0.093762
3 0.711175 0.411314 0.154107 0.095531
3 0.325906 0.422371 0.161184 0.093762
3 0.434607 0.442494 0.156073 0.095089
4 0.375637 0.358683 0.045209 0.015037
4 0.482440 0.380181 0.047541 0.014871
4 0.591832 0.400987 0.047056 0.015554
4 0.702194 0.422954 0.061124 0.019101
4 0.429806 0.453652 0.074221 0.022376
4 0.321020 0.431890 0.055544 0.018419
5 0.312288 0.442260 0.049723 0.016782
5 0.421681 0.463953 0.048269 0.015417
5 0.367591 0.368857 0.041961 0.014053
5 0.475042 0.389800 0.043418 0.015554
5 0.582857 0.410402 0.047541 0.015827
5 0.695039 0.432232 0.045843 0.014189
1 0.401274 0.591123 0.460749 0.121529
1 0.379669 0.620891 0.462206 0.125353
4 0.251979 0.555074 0.067971 0.019390
4 0.236686 0.582793 0.083022 0.027310
5 0.581883 0.630722 0.061659 0.022668
5 0.560035 0.659807 0.069428 0.025125
0 0.170899 0.606417 0.080594 0.037415
0 0.394719 0.656530 0.388407 0.108147
