2 0.137071 0.292164 0.049969 0.009541
2 0.201595 0.290553 0.026359 0.009154
2 0.261306 0.289005 0.038049 0.008639
2 0.347376 0.287329 0.079538 0.010444
2 0.433562 0.285137 0.038279 0.009412
2 0.500722 0.283590 0.036904 0.009412
3 0.170766 0.359854 0.123319 0.087933
4 0.171454 0.377261 0.057304 0.008510
3 0.303458 0.356780 0.125828 0.088277
4 0.304291 0.374045 0.058053 0.008749
5 0.304569 0.386701 0.043609 0.009062
3 0.437063 0.353812 0.125272 0.088902
4 0.438035 0.371389 0.080552 0.010000
5 0.438174 0.383889 0.044165 0.008750
3 0.571362 0.350999 0.125549 0.089215
4 0.571918 0.368342 0.069997 0.008906
5 0.572335 0.380998 0.045275 0.009218
3 0.178139 0.452551 0.124209 0.087202
3 0.310682 0.449809 0.124525 0.086672
4 0.310839 0.467320 0.034905 0.008844
5 0.311469 0.479437 0.043709 0.008667
3 0.443068 0.447509 0.125154 0.087379
4 0.443697 0.465021 0.080501 0.009552
5 0.444483 0.477049 0.044338 0.008844
1 0.378291 0.562423 0.498817 0.032592
1 0.380891 0.590627 0.498074 0.032174
1 0.383306 0.619250 0.496217 0.030920
1 0.385534 0.647350 0.494731 0.031130
0 0.177353 0.680255 0.074656 0.025489
0 0.434004 0.678062 0.427505 0.031965
