1 0.402381 0.560698 0.491981 0.095065
1 0.389802 0.589663 0.493428 0.097729
0 0.167569 0.587053 0.077913 0.034479
2 0.316947 0.215585 0.048343 0.014452
2 0.375317 0.219569 0.030908 0.010710
2 0.428730 0.223802 0.037897 0.011444
2 0.511029 0.229996 0.077331 0.015714
2 0.591375 0.236926 0.039125 0.011884
2 0.656863 0.241416 0.038342 0.011738
2 0.315703 0.280979 0.139030 0.091805
2 0.694188 0.316787 0.157164 0.096231
4 0.429902 0.308101 0.048978 0.013297
4 0.555845 0.320120 0.048633 0.012596
4 0.687765 0.333309 0.061480 0.014810
4 0.391877 0.398155 0.076647 0.015884
5 0.682788 0.344890 0.046979 0.012862
5 0.387194 0.410060 0.042513 0.011520
5 0.550341 0.332492 0.047003 0.011962
5 0.424646 0.320201 0.046435 0.012140
2 0.560802 0.304307 0.152195 0.095070
4 0.309246 0.296821 0.035719 0.010973
5 0.303911 0.308567 0.042542 0.011901
4 0.272809 0.385488 0.044589 0.012628
2 0.278610 0.369039 0.140129 0.094041
2 0.398887 0.382828 0.144387 0.095520
5 0.600157 0.589697 0.062782 0.019282
4 0.227553 0.535189 0.060616 0.018918
0 0.412331 0.626883 0.417430 0.090998
2 0.437491 0.292726 0.144938 0.092888
5 0.267515 0.396804 0.040246 0.011614
4 0.210253 0.562372 0.050361 0.014990
5 0.588188 0.618787 0.062782 0.019283
