7 0.13935185185185187 0.535625 0.1458611111111111 0.23905729166666667
3 0.25482407407407404 0.649046875 0.1554074074074074 0.06593229166666667
3 0.25555555555555554 0.5733958333333333 0.1559074074074074 0.06939583333333334
3 0.2573148148148148 0.49774479166666663 0.1550925925925926 0.069703125
3 0.4250185185185185 0.5733177083333333 0.1542777777777778 0.06893750000000001
3 0.42475 0.6488906249999999 0.15319444444444444 0.06665104166666666
4 0.285787037037037 0.6502604166666667 0.015722222222222224 0.021505208333333335
4 0.45510185185185187 0.6495416666666666 0.016666666666666666 0.028234375
4 0.45482407407407405 0.5731875 0.01575 0.04575
4 0.2865740740740741 0.5733958333333333 0.014472222222222223 0.026791666666666665
4 0.28685185185185186 0.49663541666666666 0.013925925925925925 0.02740625
4 0.2873148148148148 0.42079687499999996 0.014472222222222223 0.03297395833333334
5 0.30974999999999997 0.4208489583333333 0.013925925925925925 0.024421875
5 0.3092037037037037 0.4969427083333333 0.015018518518518518 0.024317708333333334
5 0.30892592592592594 0.5736510416666667 0.015574074074074074 0.024833333333333332
5 0.30810185185185185 0.6502604166666667 0.018314814814814815 0.024520833333333332
5 0.47744444444444445 0.6499010416666666 0.015203703703703705 0.025864583333333333
5 0.4781759259259259 0.5736510416666667 0.015574074074074074 0.024625
0 0.8443611111111111 0.6617552083333333 0.04607407407407407 0.04222395833333333
0 0.845 0.5117135416666667 0.05047222222222222 0.24679166666666666
2 0.13143518518518518 0.6667447916666667 0.015305555555555557 0.027161458333333333