2 0.574690 0.386432 0.040669 0.014015
2 0.634962 0.395294 0.041036 0.013190
3 0.294704 0.407907 0.154697 0.091398
4 0.286031 0.422542 0.059472 0.017125
5 0.279837 0.433295 0.045666 0.012744
3 0.417719 0.426425 0.154344 0.091796
4 0.410285 0.441160 0.060180 0.016129
5 0.404267 0.452113 0.046019 0.013740
3 0.543035 0.445441 0.150803 0.091597
4 0.535600 0.459181 0.080712 0.019116
5 0.530291 0.470730 0.046728 0.013540
3 0.667997 0.463661 0.150095 0.091797
4 0.662332 0.478198 0.071507 0.018120
5 0.657023 0.488552 0.047436 0.014536
3 0.245864 0.490469 0.160072 0.095909
5 0.228957 0.517279 0.048561 0.015985
3 0.372124 0.510096 0.159353 0.095504
3 0.500124 0.529258 0.157740 0.096858
4 0.492283 0.544651 0.084251 0.020409
5 0.486901 0.556066 0.048890 0.015220
1 0.333693 0.719200 0.547136 0.112647
0 0.086487 0.714778 0.092500 0.039284
0 0.358900 0.759915 0.469899 0.101981
