2 0.173598 0.258711 0.053921 0.014198
2 0.244412 0.264214 0.029831 0.010182
2 0.306810 0.270004 0.039670 0.011784
2 0.396518 0.277334 0.083260 0.015399
2 0.483416 0.285734 0.036416 0.011635
2 0.551164 0.289932 0.038428 0.012164
3 0.188776 0.328859 0.141911 0.095130
3 0.330364 0.339919 0.144484 0.091691
3 0.467332 0.351898 0.135507 0.095283
3 0.606510 0.362456 0.125841 0.092330
4 0.325543 0.358980 0.039397 0.010160
4 0.465474 0.367905 0.086989 0.015223
4 0.605114 0.378982 0.061788 0.011803
5 0.324283 0.370894 0.048051 0.011422
5 0.464672 0.381714 0.046157 0.012001
5 0.602153 0.391099 0.045063 0.009710
