2 0.371679 0.294293 0.049744 0.017143
2 0.422999 0.302668 0.033980 0.013399
2 0.467313 0.308481 0.046942 0.018720
2 0.537200 0.322176 0.073215 0.020099
2 0.607612 0.333999 0.044490 0.014582
2 0.665238 0.342668 0.044840 0.015764
6 0.376583 0.589768 0.459606 0.119412
6 0.356791 0.618735 0.454352 0.119018
0 0.150837 0.607306 0.080866 0.037833
0 0.371651 0.655682 0.385341 0.103845
3 0.356918 0.347977 0.151244 0.088326
3 0.463046 0.368207 0.144501 0.088326
3 0.570458 0.388166 0.144180 0.089591
3 0.680921 0.408125 0.152530 0.093745
3 0.410704 0.442264 0.155419 0.094106
4 0.347284 0.360349 0.039496 0.012644
4 0.452219 0.379816 0.051552 0.017986
4 0.561849 0.399638 0.049268 0.016702
4 0.674495 0.419459 0.060524 0.019270
4 0.295688 0.433820 0.042906 0.013490
4 0.402054 0.453504 0.076838 0.021657
5 0.394876 0.463828 0.043884 0.015142
5 0.288266 0.442630 0.041437 0.013490
5 0.340877 0.370273 0.041927 0.014499
5 0.446509 0.389039 0.044700 0.015325
5 0.554262 0.409365 0.048126 0.014499
5 0.666175 0.429186 0.050409 0.015233
