2 0.147381 0.322269 0.048457 0.009940
2 0.210831 0.320462 0.025969 0.009337
2 0.269060 0.318956 0.035875 0.008734
2 0.352990 0.316773 0.077371 0.010391
2 0.437212 0.314744 0.036653 0.009639
2 0.502425 0.313004 0.035701 0.008568
3 0.309895 0.385053 0.122261 0.086877
4 0.311018 0.402106 0.055143 0.008702
5 0.311392 0.413895 0.041419 0.008140
3 0.440889 0.381755 0.123260 0.087579
4 0.441263 0.398948 0.079095 0.009684
5 0.441887 0.411158 0.042418 0.008561
3 0.572008 0.378807 0.124507 0.087579
4 0.572757 0.395860 0.067618 0.009684
5 0.573505 0.408141 0.042168 0.008702
4 0.180917 0.405026 0.055680 0.008339
5 0.182468 0.416952 0.040855 0.008339
3 0.188099 0.479014 0.121594 0.085254
4 0.189097 0.495632 0.033967 0.008348
5 0.189811 0.507272 0.041672 0.007867
3 0.317255 0.476124 0.121879 0.085254
4 0.318112 0.493063 0.033966 0.008028
5 0.318397 0.504864 0.041387 0.008509
3 0.446983 0.473154 0.121593 0.086057
4 0.447697 0.490333 0.077352 0.008991
5 0.448125 0.502294 0.041673 0.008509
1 0.384949 0.587718 0.490010 0.037153
1 0.387838 0.619878 0.487532 0.035992
1 0.389903 0.649485 0.485881 0.031580
1 0.391967 0.673054 0.485881 0.023453
0 0.186798 0.701848 0.071417 0.025311
0 0.440202 0.699414 0.419164 0.032375
