2 0.41021296296296295 0.273328125 0.03572222222222222 0.0080625
2 0.6304537037037037 0.27326562499999996 0.03813888888888889 0.007963541666666666
2 0.5685 0.27346875 0.04000925925925926 0.008515625
5 0.6818425925925926 0.36921875 0.04492592592592593 0.008572916666666668
4 0.6824537037037036 0.35764583333333333 0.05962037037037037 0.008645833333333333
3 0.305097 0.422927 0.120330 0.081142
3 0.314188 0.336306 0.116869 0.085242
3 0.683783 0.339773 0.131756 0.086530
0 0.494785 0.657774 0.419206 0.058647
2 0.48876851851851855 0.2733802083333333 0.07353703703703704 0.008989583333333334
4 0.299369 0.438115 0.044554 0.010807
5 0.296315 0.448674 0.037526 0.008393
6 0.485989 0.403419 0.290831 0.028828
6 0.473715 0.487665 0.289131 0.033319
6 0.550142 0.463816 0.144947 0.026326
6 0.401906 0.457945 0.137737 0.026640
0 0.539991 0.564683 0.158751 0.035955
0 0.381161 0.554492 0.148821 0.035064
0 0.249265 0.638760 0.068796 0.027927
4 0.489901 0.355909 0.067007 0.013498
4 0.311386 0.351963 0.036782 0.010449
5 0.309174 0.363398 0.036782 0.010449
7 0.479595 0.459188 0.384814 0.267542
