2 0.19050925925925927 0.515375 0.016824074074074075 0.025890625
2 0.19017592592592591 0.5513645833333333 0.020277777777777777 0.026109375
2 0.18906481481481482 0.5978854166666667 0.018055555555555554 0.049703125
2 0.18616666666666667 0.6452135416666667 0.022212962962962962 0.026312500000000003
2 0.18499074074074073 0.6780572916666666 0.021925925925925925 0.02255208333333333
2 0.18350925925925926 0.712796875 0.019287037037037037 0.03184375
3 0.3076111111111111 0.5537135416666668 0.14814814814814814 0.06399479166666668
3 0.4656851851851852 0.5551822916666667 0.14125000000000001 0.06383333333333334
3 0.4602314814814815 0.6255416666666667 0.14062962962962963 0.06566145833333333
3 0.3018148148148148 0.6956666666666667 0.14477777777777778 0.06240104166666667
3 0.4593055555555556 0.69659375 0.14083333333333334 0.06425
4 0.3403888888888889 0.4811666666666667 0.018231481481481484 0.03701041666666667
4 0.33637962962962964 0.55240625 0.01637962962962963 0.04439583333333333
4 0.3334814814814815 0.6244791666666667 0.01412037037037037 0.03742708333333333
4 0.330212962962963 0.6967708333333333 0.012268518518518519 0.03335416666666667
4 0.49027777777777776 0.5548333333333333 0.019648148148148147 0.0469375
4 0.490787037037037 0.6244427083333334 0.01862037037037037 0.020645833333333332
4 0.48719444444444443 0.6939375 0.017592592592592594 0.024213541666666668
5 0.3612592592592593 0.48208333333333336 0.016175925925925923 0.026942708333333332
5 0.35880555555555554 0.554546875 0.01597222222222222 0.029
5 0.5133240740740741 0.5555885416666667 0.016351851851851854 0.024140625000000002
5 0.5119814814814815 0.6253124999999999 0.01573148148148148 0.02354166666666667
5 0.509 0.697 0.020055555555555556 0.029187499999999998
5 0.3537037037037037 0.6243645833333333 0.018435185185185186 0.03025
5 0.351712962962963 0.6949739583333333 0.020287037037037037 0.028609375
0 0.8281111111111111 0.7029010416666667 0.03687037037037037 0.038677083333333334
3 0.310185 0.480977 0.148148 0.065079
3 0.303120 0.624757 0.149316 0.064097
0 0.834560 0.572613 0.053139 0.217536
1 0.779815 0.592762 0.053704 0.264500
