2 0.125743 0.210086 0.063377 0.013717
2 0.202250 0.212874 0.034364 0.011200
2 0.270291 0.214861 0.045193 0.012214
2 0.369364 0.218598 0.093092 0.013366
3 0.151602 0.287803 0.145987 0.099885
3 0.307477 0.292073 0.144400 0.099367
3 0.459900 0.296380 0.141453 0.098937
3 0.142879 0.392653 0.145661 0.104184
3 0.299969 0.397276 0.145661 0.100221
4 0.150871 0.306453 0.070411 0.011838
4 0.306556 0.310571 0.056547 0.011090
4 0.458657 0.315171 0.066470 0.012039
4 0.142301 0.413257 0.070577 0.011914
4 0.298857 0.417020 0.067881 0.011680
4 0.454387 0.420204 0.055948 0.011372
3 0.453948 0.400934 0.145123 0.098968
5 0.149481 0.320853 0.051324 0.010888
5 0.304576 0.325004 0.051169 0.010065
5 0.457499 0.328924 0.048446 0.009954
5 0.140553 0.427357 0.051388 0.009730
5 0.298181 0.431016 0.051163 0.009666
5 0.452531 0.434518 0.049050 0.010130
0 0.098156 0.667421 0.091006 0.030796
0 0.408631 0.671479 0.510006 0.036288
