2 0.380161 0.295639 0.065816 0.026444
2 0.438401 0.303313 0.041192 0.020522
2 0.488617 0.311699 0.047469 0.018757
2 0.558251 0.326374 0.083169 0.026039
2 0.626512 0.338069 0.043938 0.018536
2 0.683396 0.348330 0.044722 0.018757
3 0.371709 0.352192 0.147115 0.086503
3 0.480466 0.372798 0.148970 0.090221
3 0.587791 0.391940 0.150399 0.091024
3 0.699876 0.414161 0.155634 0.094772
3 0.317217 0.426476 0.157538 0.089418
3 0.426446 0.446555 0.145639 0.093166
3 0.538293 0.468775 0.156110 0.094772
4 0.360052 0.364231 0.062348 0.021685
4 0.467615 0.383909 0.055686 0.020346
4 0.578511 0.405326 0.068060 0.022489
4 0.691547 0.426610 0.059969 0.020079
4 0.311506 0.437720 0.068059 0.023023
4 0.417165 0.458602 0.064253 0.020882
4 0.527108 0.481358 0.057589 0.022489
5 0.302225 0.447626 0.060921 0.021417
5 0.410978 0.469177 0.051878 0.018473
5 0.520921 0.491532 0.047119 0.018205
1 0.393130 0.598217 0.456906 0.123418
1 0.373378 0.626328 0.458334 0.123954
0 0.164915 0.612942 0.087098 0.040426
0 0.385753 0.661383 0.385039 0.108394
