2 0.439214 0.257146 0.084058 0.010769
2 0.531524 0.258198 0.039828 0.010150
2 0.602709 0.259146 0.040893 0.010185
3 0.385773 0.330504 0.129928 0.094017
4 0.384971 0.349362 0.063520 0.009744
5 0.384009 0.362084 0.049405 0.009564
3 0.528213 0.331406 0.130569 0.092934
4 0.527571 0.350354 0.086939 0.011007
5 0.527732 0.363166 0.046197 0.008842
3 0.670074 0.332479 0.132617 0.092885
4 0.669219 0.351329 0.074437 0.009946
5 0.668791 0.364403 0.046772 0.009786
3 0.241678 0.430734 0.128852 0.093266
3 0.385409 0.430738 0.128524 0.091434
4 0.384265 0.448946 0.039244 0.009382
5 0.384428 0.461915 0.045458 0.009198
3 0.526197 0.431378 0.129506 0.091242
4 0.526033 0.449406 0.084702 0.009198
5 0.525380 0.462559 0.046767 0.009382
1 0.451291 0.640223 0.539608 0.025931
0 0.223219 0.672569 0.078612 0.026204
0 0.494964 0.672842 0.447408 0.028934
3 0.241125 0.329150 0.128275 0.093847
