3 0.481981 0.379650 0.172937 0.097277
3 0.594150 0.397218 0.164579 0.092983
3 0.375196 0.356028 0.158779 0.092168
3 0.325532 0.429028 0.159503 0.097877
3 0.435009 0.450439 0.163854 0.098285
3 0.544487 0.471441 0.160954 0.097878
2 0.448713 0.308802 0.042915 0.017611
2 0.497430 0.318063 0.046423 0.019736
2 0.564906 0.331120 0.077193 0.022773
2 0.636969 0.343797 0.049122 0.017156
2 0.690950 0.353285 0.043724 0.016700
4 0.477457 0.389267 0.066935 0.023684
4 0.587173 0.410370 0.083399 0.025202
4 0.369362 0.369378 0.066666 0.022773
4 0.701342 0.430865 0.073683 0.025506
4 0.534406 0.485900 0.087448 0.027480
4 0.427120 0.464494 0.047233 0.017459
4 0.315786 0.443239 0.049662 0.020495
5 0.361399 0.379323 0.049122 0.017763
5 0.469630 0.399135 0.047503 0.017307
5 0.579481 0.419934 0.051281 0.018219
5 0.691760 0.441797 0.055060 0.018218
5 0.715512 0.465784 0.001619 0.001215
3 0.707414 0.419175 0.159243 0.096861
0 0.167827 0.618318 0.089784 0.040714
0 0.393922 0.668744 0.392243 0.109243
