2 0.134118 0.303358 0.048395 0.009557
2 0.197187 0.301548 0.025743 0.008543
2 0.256008 0.299955 0.036296 0.009122
2 0.340958 0.297059 0.076970 0.010281
2 0.425522 0.295104 0.036039 0.008978
2 0.491110 0.293306 0.035243 0.008624
3 0.167608 0.369409 0.123572 0.086444
4 0.168731 0.386471 0.056169 0.008594
5 0.169631 0.398477 0.040891 0.008088
3 0.297920 0.366060 0.123572 0.087582
4 0.299493 0.383122 0.055719 0.009226
5 0.299605 0.395128 0.041116 0.008720
3 0.428569 0.362648 0.124695 0.088593
4 0.429917 0.379646 0.078412 0.010110
5 0.431266 0.391779 0.042913 0.008594
3 0.561240 0.359173 0.124021 0.087708
4 0.561689 0.376171 0.067403 0.008973
5 0.562701 0.388619 0.042015 0.008594
3 0.176677 0.461293 0.121521 0.086842
3 0.306223 0.457711 0.122285 0.085982
4 0.306860 0.474692 0.035921 0.007882
5 0.307625 0.486515 0.043055 0.008598
3 0.436533 0.454415 0.123050 0.086269
4 0.437298 0.471540 0.077702 0.009028
5 0.437807 0.483720 0.042544 0.008455
1 0.374696 0.569824 0.490883 0.038340
1 0.377168 0.599721 0.489471 0.032976
1 0.379470 0.628036 0.488643 0.033235
1 0.381840 0.653508 0.489194 0.028453
0 0.177390 0.685144 0.073219 0.025667
0 0.431888 0.681563 0.420212 0.033227
