1 0.811887 0.573111 0.117572 0.267104
0 0.833833 0.690522 0.049610 0.041654
0 0.869285 0.558532 0.097205 0.223368
2 0.250875 0.443984 0.037956 0.033844
2 0.243469 0.479130 0.041659 0.034365
2 0.224743 0.525990 0.042079 0.049984
2 0.211067 0.571809 0.041659 0.027075
2 0.199488 0.605913 0.029638 0.021347
2 0.187922 0.643141 0.032402 0.037489
3 0.384207 0.419376 0.161933 0.082266
3 0.360100 0.492009 0.163860 0.082787
3 0.513314 0.505286 0.157380 0.078101
3 0.336989 0.560998 0.169348 0.079142
3 0.493573 0.577920 0.165386 0.076539
3 0.313349 0.637536 0.162934 0.081224
3 0.474431 0.650032 0.157380 0.077059
4 0.343302 0.639190 0.031049 0.036239
4 0.366264 0.567132 0.031049 0.036239
4 0.387742 0.492989 0.038449 0.047908
4 0.544755 0.509237 0.038449 0.047908
4 0.409967 0.423017 0.038449 0.047908
5 0.410704 0.495485 0.025112 0.028741
5 0.433666 0.426343 0.025112 0.028741
5 0.562536 0.512569 0.025112 0.028741
5 0.545505 0.583384 0.025112 0.028741
5 0.389980 0.567559 0.025112 0.028741
5 0.367025 0.640455 0.025112 0.028741
5 0.521815 0.654621 0.025112 0.028741
4 0.520694 0.579208 0.022870 0.022909
4 0.500701 0.651689 0.022871 0.022909
