2 0.227819 0.318923 0.024030 0.008367
2 0.285489 0.317828 0.035471 0.007209
2 0.369593 0.316193 0.075058 0.009156
2 0.453785 0.314667 0.035088 0.008342
2 0.518895 0.313345 0.035087 0.008139
3 0.196407 0.386033 0.120258 0.084849
3 0.324281 0.383261 0.120882 0.086019
3 0.456168 0.381586 0.121714 0.086487
3 0.586829 0.379537 0.121298 0.086604
4 0.196974 0.402893 0.055178 0.007685
4 0.326072 0.400627 0.066038 0.008079
4 0.456307 0.398410 0.055002 0.008376
4 0.587507 0.396094 0.056053 0.007489
5 0.197500 0.414914 0.039763 0.007685
5 0.326334 0.412795 0.041339 0.007587
5 0.456483 0.410529 0.040288 0.008178
5 0.587506 0.408164 0.040989 0.007784
1 0.395683 0.586330 0.489449 0.033482
1 0.398014 0.618198 0.486939 0.033481
1 0.399089 0.648151 0.486940 0.028843
1 0.401062 0.671951 0.483712 0.020371
0 0.196497 0.699381 0.071714 0.024002
0 0.448931 0.697767 0.418094 0.029649
