7 0.495905 0.435891 0.377009 0.165030
1 0.480151 0.577682 0.493437 0.055366
1 0.475925 0.606739 0.492864 0.056898
0 0.258950 0.621139 0.060841 0.026138
0 0.510924 0.641882 0.421364 0.059472
2 0.503562 0.247103 0.075429 0.008293
2 0.584427 0.246356 0.037019 0.008425
2 0.648606 0.246067 0.037019 0.008559
2 0.424347 0.247240 0.033479 0.007102
0 0.499464 0.410107 0.317371 0.037016
0 0.489171 0.486254 0.319989 0.041445
3 0.704482 0.316876 0.131751 0.087147
3 0.571942 0.317139 0.128828 0.087029
3 0.325401 0.313297 0.118191 0.083596
3 0.443500 0.315342 0.125277 0.086131
0 0.493071 0.447995 0.317371 0.037016
4 0.702812 0.332910 0.062371 0.010201
4 0.571169 0.330365 0.045885 0.008191
4 0.444940 0.329220 0.045885 0.008192
4 0.324636 0.328149 0.031733 0.007586
5 0.323314 0.339439 0.039350 0.008568
5 0.443538 0.341287 0.039350 0.008568
5 0.568781 0.343006 0.041345 0.008486
5 0.699729 0.344425 0.043158 0.008810
