0 0.084600 0.718099 0.098396 0.041555
0 0.359155 0.759754 0.461295 0.101056
1 0.333763 0.720845 0.552284 0.116989
3 0.542284 0.445978 0.152237 0.091956
3 0.667776 0.464725 0.151414 0.092413
3 0.415557 0.426930 0.152237 0.088398
3 0.295003 0.411898 0.143185 0.085139
3 0.501551 0.530860 0.149769 0.096211
3 0.374413 0.508989 0.153882 0.096449
3 0.247274 0.490994 0.153059 0.087081
4 0.287596 0.422996 0.067478 0.022216
4 0.408394 0.441740 0.067817 0.020827
4 0.537347 0.458864 0.089696 0.022678
4 0.663515 0.478765 0.076001 0.020827
4 0.238634 0.504915 0.050197 0.015735
4 0.493322 0.544023 0.090519 0.025455
5 0.280190 0.434180 0.064186 0.017434
5 0.403625 0.453332 0.059249 0.015229
5 0.525826 0.472079 0.060071 0.015686
5 0.653787 0.490653 0.057603 0.014639
5 0.486738 0.559276 0.064186 0.019941
5 0.360423 0.537173 0.056780 0.019717
5 0.229994 0.516170 0.054311 0.018218
2 0.635272 0.396512 0.050196 0.019645
2 0.574789 0.388296 0.054311 0.019416
2 0.489619 0.376251 0.094633 0.028694
2 0.308581 0.348487 0.058426 0.018503
