0 0.499124 0.684543 0.413177 0.059978
0 0.254175 0.662945 0.067723 0.028772
1 0.469711 0.648226 0.485395 0.063942
3 0.445153 0.363213 0.123010 0.081884
3 0.324653 0.361598 0.123010 0.081884
3 0.567001 0.366108 0.126331 0.084439
3 0.696121 0.368090 0.129306 0.085703
4 0.442019 0.379516 0.042761 0.008994
4 0.564651 0.382298 0.042761 0.008994
4 0.693956 0.385331 0.056852 0.009390
4 0.426663 0.467823 0.073099 0.010059
5 0.439509 0.391228 0.040716 0.008471
5 0.561398 0.394429 0.040716 0.008471
5 0.423001 0.478992 0.040716 0.008471
5 0.305057 0.474663 0.040716 0.008471
5 0.690676 0.396636 0.041631 0.008410
2 0.640533 0.301934 0.039423 0.008725
2 0.5787592592592592 0.30075 0.03654629629629629 0.008531249999999999
2 0.4998703703703704 0.30104166666666665 0.07147222222222221 0.009104166666666667
2 0.4224722222222222 0.30003124999999997 0.03425 0.008817708333333334
2 0.36999074074074073 0.29955208333333333 0.02436111111111111 0.008432291666666668
2 0.3136759259259259 0.299984375 0.04003703703703704 0.008145833333333333
3 0.428489 0.451683 0.123010 0.081884
4 0.289573 0.631243 0.045518 0.011657
5 0.667497 0.663221 0.056804 0.014311
