7 0.451862 0.487297 0.387601 0.182794
0 0.423006 0.528176 0.288808 0.075486
0 0.443557 0.497412 0.288530 0.074788
0 0.373156 0.665852 0.381335 0.102102
0 0.152203 0.617649 0.072644 0.034180
1 0.357607 0.629747 0.446559 0.110706
1 0.375504 0.604652 0.445764 0.111161
1 0.392543 0.578157 0.446157 0.110273
5 0.571940 0.614421 0.054996 0.019094
5 0.554934 0.641416 0.054996 0.019094
5 0.537929 0.667966 0.054996 0.019094
4 0.203672 0.597695 0.055787 0.019390
4 0.211002 0.571300 0.037229 0.014593
4 0.252123 0.546077 0.072279 0.020298
3 0.679678 0.417309 0.143644 0.085242
3 0.568493 0.398037 0.140446 0.084855
3 0.462855 0.378386 0.140702 0.082331
4 0.452804 0.391916 0.032753 0.011768
4 0.560839 0.411088 0.068422 0.017893
4 0.671532 0.430501 0.051788 0.014566
5 0.554711 0.420643 0.038493 0.011856
5 0.446385 0.401071 0.038493 0.011856
5 0.664898 0.440242 0.038493 0.011856
2 0.659043 0.354604 0.035294 0.010921
