7 0.450741 0.491678 0.370387 0.153405
0 0.503361 0.531460 0.151824 0.048585
0 0.360246 0.504651 0.149433 0.048122
4 0.465797 0.463859 0.071806 0.021096
0 0.151961 0.624900 0.075357 0.034698
0 0.374281 0.672493 0.387454 0.101204
3 0.681235 0.419992 0.140235 0.085742
3 0.568664 0.401542 0.140235 0.085742
4 0.450230 0.395427 0.033067 0.011123
4 0.560072 0.414087 0.069374 0.018539
4 0.671320 0.433143 0.052301 0.014953
5 0.664836 0.442990 0.040846 0.013251
5 0.553143 0.423927 0.040846 0.013251
5 0.444217 0.405168 0.039129 0.012854
2 0.658444 0.356638 0.036309 0.012856
2 0.603519 0.347877 0.035572 0.011715
