2 0.1189537037037037 0.223890625 0.06503703703703703 0.011260416666666667
2 0.20649074074074072 0.22232291666666668 0.033990740740740745 0.010265625
2 0.28575 0.22050520833333334 0.05099074074074074 0.009296875000000001
2 0.397670 0.218028 0.101944 0.011803
2 0.509107 0.215934 0.046510 0.010316
2 0.593098 0.213953 0.047317 0.009694
3 0.165686 0.312726 0.169689 0.115465
3 0.343206 0.307404 0.171302 0.115104
3 0.517356 0.303845 0.160113 0.114143
3 0.684833 0.300887 0.155850 0.111817
3 0.178455 0.432883 0.175123 0.116154
3 0.353844 0.428107 0.165789 0.115392
3 0.525242 0.423574 0.163283 0.113138
5 0.17080555555555554 0.35081770833333337 0.05793518518518519 0.010421875
5 0.3446388888888889 0.34584375 0.056296296296296296 0.008838541666666666
5 0.5196944444444445 0.34141666666666665 0.055842592592592596 0.008895833333333332
5 0.688824074074074 0.3380677083333333 0.05469444444444444 0.007921875
5 0.18253703703703703 0.47215104166666666 0.05539814814814815 0.009192708333333332
5 0.35682407407407407 0.46655729166666665 0.054648148148148154 0.009541666666666667
5 0.5307407407407407 0.461703125 0.05687962962962963 0.009609375
4 0.166984 0.333960 0.077551 0.010269
4 0.344140 0.329708 0.061093 0.008639
4 0.517340 0.324785 0.075906 0.009590
4 0.688567 0.321603 0.057409 0.010035
4 0.182968 0.456549 0.077311 0.011882
4 0.356488 0.450789 0.076271 0.010766
4 0.530368 0.445489 0.061276 0.010224
1 0.461361 0.642352 0.667393 0.055932
1 0.464280 0.682504 0.663504 0.066070
0 0.187079 0.736022 0.099377 0.033282
0 0.523042 0.721497 0.547470 0.057385
