5 0.555186 0.417316 0.038724 0.012564
5 0.665424 0.436752 0.038724 0.012564
5 0.447616 0.398458 0.038724 0.012563
5 0.342990 0.379421 0.038724 0.012564
4 0.350435 0.370031 0.039271 0.012185
4 0.454696 0.388700 0.033364 0.011273
4 0.561796 0.407728 0.067769 0.017333
4 0.673356 0.427212 0.051899 0.014466
4 0.253148 0.542348 0.072953 0.020518
4 0.213347 0.567653 0.034465 0.012869
4 0.206206 0.593799 0.054618 0.017318
4 0.573289 0.611135 0.054923 0.018302
4 0.555326 0.638295 0.054924 0.018302
4 0.539668 0.663877 0.054924 0.018302
1 0.395138 0.575038 0.445960 0.110231
1 0.376691 0.601100 0.444269 0.109632
1 0.360678 0.625825 0.444214 0.111018
0 0.155402 0.612881 0.073061 0.034029
0 0.375338 0.661350 0.383247 0.101495
0 0.424919 0.524802 0.289604 0.075644
0 0.444868 0.494199 0.288767 0.074074
0 0.466503 0.462865 0.286490 0.073517
7 0.452977 0.483919 0.387968 0.183152
3 0.681230 0.413809 0.141408 0.085855
3 0.571065 0.394605 0.141056 0.083768
3 0.464051 0.375805 0.139062 0.082544
3 0.359187 0.356235 0.136869 0.081708
2 0.660217 0.351817 0.036957 0.012802
2 0.606814 0.342675 0.033518 0.011196
2 0.537661 0.331154 0.068002 0.017307
