3 0.212723 0.383552 0.122106 0.090376
3 0.347683 0.381744 0.119536 0.088206
3 0.479430 0.379214 0.120821 0.087483
3 0.612462 0.376683 0.124678 0.086760
2 0.392669 0.311975 0.078406 0.012291
2 0.478144 0.311252 0.038559 0.010845
2 0.542411 0.309444 0.041131 0.010122
4 0.215958 0.399652 0.057803 0.009935
4 0.346883 0.397389 0.067751 0.008956
4 0.478657 0.395769 0.056911 0.008765
4 0.611956 0.393768 0.056572 0.007812
5 0.216463 0.411775 0.042683 0.008384
5 0.347560 0.409869 0.042006 0.008003
5 0.479178 0.407877 0.040817 0.007618
5 0.612069 0.406184 0.041381 0.007406
1 0.416671 0.585737 0.493162 0.032717
1 0.417972 0.618041 0.492514 0.031892
1 0.419468 0.648042 0.491329 0.028436
1 0.420931 0.672130 0.490076 0.019741
0 0.213494 0.698922 0.071861 0.024441
0 0.469394 0.698687 0.422393 0.028671
