0 0.8679444444444444 0.54125 0.041444444444444443 0.22625520833333335
0 0.8637037037037036 0.6796979166666667 0.04016666666666667 0.038562500000000006
1 0.8119629629629629 0.5647083333333334 0.04819444444444444 0.270390625
3 0.3287685185185185 0.45108333333333334 0.14724074074074076 0.06629166666666667
3 0.32619444444444445 0.523296875 0.1441574074074074 0.06719270833333332
3 0.4835925925925926 0.5256666666666666 0.14042592592592593 0.06615104166666667
3 0.48225 0.594640625 0.1398148148148148 0.06613020833333333
3 0.3252685185185185 0.5937135416666667 0.1443611111111111 0.067984375
3 0.31930555555555556 0.6662708333333334 0.14477777777777778 0.06726562500000001
3 0.4803981481481482 0.6658072916666666 0.14187037037037037 0.06356250000000001
2 0.21396296296296297 0.48702083333333335 0.024638888888888887 0.025890625
2 0.21190740740740743 0.5210416666666666 0.02052777777777778 0.024494791666666668
2 0.2125277777777778 0.5665208333333334 0.017648148148148145 0.048317708333333334
2 0.20737962962962964 0.6155885416666667 0.019703703703703706 0.026083333333333333
2 0.2065648148148148 0.6455625 0.018055555555555554 0.018901041666666667
2 0.20542592592592593 0.6816666666666666 0.02525925925925926 0.03184895833333333
4 0.35767592592592595 0.4527083333333334 0.021944444444444444 0.04176041666666667
4 0.35397222222222224 0.52428125 0.022768518518518518 0.04948958333333333
4 0.35418518518518516 0.5962604166666666 0.019064814814814816 0.036041666666666666
4 0.3489351851851852 0.6689375 0.01474074074074074 0.037869791666666666
4 0.5106481481481482 0.52659375 0.017185185185185185 0.044859375
4 0.5128055555555556 0.595046875 0.019444444444444445 0.020885416666666667
4 0.5064351851851853 0.6659270833333333 0.019037037037037036 0.027223958333333336
5 0.3814444444444444 0.45427083333333335 0.013916666666666666 0.027526041666666667
5 0.3762962962962963 0.525671875 0.01597222222222222 0.029119791666666665
5 0.3744444444444444 0.5945833333333332 0.016388888888888887 0.02458854166666667
5 0.37249074074074073 0.6662760416666667 0.01864814814814815 0.025604166666666664
5 0.5273148148148148 0.6673749999999999 0.021703703703703704 0.024333333333333332
5 0.5317407407407407 0.5958020833333334 0.01614814814814815 0.025859375
5 0.5312222222222223 0.523703125 0.017175925925925928 0.0275