5 0.18394444444444444 0.35093749999999996 0.055509259259259265 0.010989583333333334
5 0.359104 0.346025 0.055192 0.010424
5 0.530172 0.341379 0.054721 0.009486
5 0.699820 0.337749 0.052585 0.009472
5 0.197039 0.471530 0.055757 0.010430
5 0.370820 0.466230 0.053582 0.009945
5 0.541868 0.460768 0.053206 0.009723
4 0.182774 0.333860 0.074967 0.010518
4 0.356805 0.329636 0.059801 0.010698
4 0.529360 0.325810 0.073854 0.010081
4 0.698341 0.322055 0.057928 0.009572
4 0.195726 0.456062 0.073888 0.010904
4 0.369063 0.450648 0.074975 0.011035
4 0.541142 0.445752 0.060058 0.011008
3 0.180469 0.313347 0.166243 0.114150
3 0.355147 0.307729 0.167806 0.111778
3 0.526556 0.303411 0.160924 0.110720
3 0.698831 0.300945 0.156969 0.108958
3 0.194827 0.432457 0.169969 0.115024
3 0.369740 0.428432 0.160119 0.112192
3 0.540232 0.425152 0.159422 0.113030
2 0.133544 0.223948 0.063796 0.012216
2 0.220029 0.221651 0.034672 0.010429
2 0.298876 0.220614 0.049244 0.011142
2 0.410444 0.218410 0.101084 0.011808
2 0.521165 0.216258 0.046056 0.010794
2 0.604581 0.215115 0.046577 0.009695
1 0.467774 0.639976 0.654941 0.055643
1 0.474183 0.679751 0.655901 0.063767
0 0.531464 0.717985 0.540375 0.056419
0 0.197944 0.730413 0.103422 0.032938
