0 0.1134351851851852 0.6856510416666667 0.08067592592592591 0.027203124999999998
0 0.381983 0.687908 0.442156 0.030463
3 0.174612 0.342857 0.140625 0.097028
3 0.314456 0.350504 0.135500 0.095273
3 0.449014 0.358442 0.130304 0.093013
3 0.579699 0.365836 0.126112 0.091512
4 0.172119 0.360853 0.063056 0.012966
4 0.311948 0.368300 0.071819 0.012216
4 0.448252 0.375480 0.058674 0.012431
4 0.577888 0.382820 0.056579 0.011252
5 0.170023 0.373926 0.047054 0.011037
5 0.310614 0.381213 0.046293 0.010394
5 0.446156 0.388178 0.043816 0.011037
5 0.576650 0.394554 0.042292 0.010502
2 0.152688 0.269930 0.054674 0.013073
2 0.222316 0.274216 0.026670 0.010501
2 0.285658 0.278449 0.040196 0.011037
2 0.373096 0.284555 0.079445 0.014061
2 0.459286 0.290333 0.037990 0.011555
2 0.524129 0.294196 0.036257 0.011207
