2 0.302789 0.267455 0.045420 0.008783
2 0.360961 0.267453 0.024047 0.008845
2 0.412298 0.268004 0.045419 0.008782
2 0.492636 0.267616 0.072337 0.008752
2 0.572784 0.267354 0.037257 0.007818
2 0.635342 0.266866 0.045419 0.008783
3 0.317449 0.329943 0.117890 0.081892
3 0.690964 0.334349 0.128739 0.086973
3 0.304420 0.417944 0.117035 0.083867
0 0.248398 0.635673 0.068337 0.029084
0 0.494721 0.655655 0.417650 0.058329
4 0.688522 0.352287 0.058592 0.008696
4 0.300817 0.433248 0.046369 0.009151
5 0.686355 0.363889 0.043097 0.009971
5 0.297046 0.445321 0.040288 0.010900
0 0.384264 0.551623 0.151908 0.034652
0 0.544127 0.561072 0.158612 0.034672
7 0.484247 0.456051 0.387131 0.269793
6 0.490899 0.399060 0.288685 0.029276
6 0.476406 0.482792 0.291652 0.033365
6 0.406775 0.453917 0.139614 0.025554
6 0.554048 0.459541 0.146949 0.026218
