0 0.159 0.6951510416666667 0.07973148148148149 0.026072916666666668
0 0.427277 0.693001 0.438751 0.032724
1 0.383356 0.661320 0.529375 0.029856
3 0.198747 0.351617 0.135124 0.094390
3 0.339450 0.355849 0.130747 0.092753
3 0.474128 0.361220 0.125581 0.091110
3 0.606112 0.365706 0.122210 0.089973
2 0.172982 0.279144 0.054815 0.012131
2 0.243186 0.282240 0.026733 0.010236
2 0.304965 0.284389 0.039764 0.010741
2 0.393910 0.289046 0.081212 0.012852
2 0.480315 0.292375 0.037594 0.010398
2 0.546156 0.295647 0.036763 0.010632
4 0.197422 0.369368 0.062933 0.011099
4 0.337519 0.373691 0.072696 0.011333
4 0.473772 0.378072 0.058988 0.010982
4 0.605768 0.382571 0.057119 0.010632
5 0.196280 0.382045 0.047772 0.010048
5 0.336999 0.386893 0.045487 0.010165
5 0.472630 0.391099 0.043826 0.010165
5 0.604625 0.394955 0.043202 0.009697
