0 0.8636759259259259 0.5405208333333333 0.04217592592592592 0.22400520833333332
0 0.8582407407407407 0.67853125 0.038240740740740735 0.036494791666666665
2 0.20852777777777778 0.51925 0.02123148148148148 0.023916666666666666
2 0.20575000000000002 0.5644895833333333 0.024935185185185185 0.047984374999999996
2 0.2030925925925926 0.611421875 0.017296296296296296 0.02596875
2 0.20170370370370372 0.6428645833333333 0.023777777777777776 0.017234375000000003
2 0.20065740740740742 0.6770364583333334 0.025861111111111112 0.032197916666666666
3 0.3261111111111111 0.52171875 0.14526851851851852 0.06791666666666667
3 0.32078703703703704 0.592609375 0.14850925925925926 0.06255729166666667
3 0.3159259259259259 0.6633645833333334 0.14341666666666666 0.06475
3 0.47436111111111107 0.6653177083333334 0.14315740740740743 0.06605208333333333
4 0.3512222222222222 0.5224375 0.017268518518518516 0.04461458333333333
4 0.3485648148148148 0.5931979166666667 0.01888888888888889 0.020765625
4 0.3458981481481481 0.66590625 0.02050925925925926 0.034671875
4 0.5019074074074074 0.6636927083333333 0.017703703703703704 0.0380625
5 0.37472222222222223 0.5228958333333333 0.02026851851851852 0.031203124999999998
5 0.3718240740740741 0.5915677083333333 0.016796296296296295 0.029229166666666664
5 0.3676574074074074 0.6636927083333333 0.01587037037037037 0.03285416666666666
5 0.5259814814814814 0.6651875 0.019555555555555555 0.03194270833333333