2 0.20601851851851852 0.26191145833333335 0.06003703703703704 0.012598958333333334
2 0.2791018518518519 0.263359375 0.03208333333333333 0.0115
2 0.34431481481481485 0.264203125 0.04357407407407408 0.011833333333333333
2 0.43925925925925924 0.2655625 0.08954629629629629 0.012598958333333334
2 0.5321111111111111 0.2673802083333333 0.04587037037037037 0.012213541666666666
2 0.6016203703703704 0.26814583333333336 0.04460185185185185 0.012979166666666668
4 0.23669444444444443 0.35490625 0.06615740740740741 0.010729166666666668
4 0.38513888888888886 0.3563072916666667 0.05496296296296296 0.009583333333333333
4 0.5308240740740741 0.35769791666666667 0.06625 0.01015625
4 0.6742314814814815 0.3590677083333333 0.0502962962962963 0.009343750000000001
4 0.23697222222222222 0.458 0.06531481481481483 0.009869791666666666
4 0.386 0.4583020833333334 0.06337037037037037 0.009489583333333333
4 0.5321018518518518 0.45857291666666666 0.051638888888888894 0.009916666666666666
5 0.23735185185185184 0.36838541666666663 0.04831481481481482 0.00940625
5 0.38460185185185186 0.36991666666666667 0.048740740740740744 0.009166666666666667
5 0.5309351851851851 0.37096875 0.047712962962962964 0.009833333333333333
5 0.6738981481481481 0.3723072916666667 0.04833333333333334 0.009734375
5 0.2357037037037037 0.4714010416666667 0.05179629629629629 0.009348958333333332
5 0.38592592592592595 0.471875 0.049249999999999995 0.008822916666666668
5 0.5313333333333333 0.471640625 0.048574074074074075 0.010015625
3 0.236810 0.337052 0.136082 0.093730
3 0.385296 0.337741 0.133571 0.094718
3 0.529850 0.339809 0.131311 0.093306
3 0.673131 0.340791 0.129052 0.091895
3 0.234875 0.438120 0.139471 0.097115
3 0.385751 0.439587 0.134744 0.094443
3 0.531846 0.439929 0.131925 0.093500
1 0.454524 0.590839 0.579655 0.036906
1 0.455469 0.625924 0.573652 0.032835
1 0.458052 0.660780 0.579681 0.039452
0 0.211092 0.701039 0.085849 0.029032
0 0.505336 0.698459 0.481181 0.037100
