2 0.2240462962962963 0.4825052083333333 0.028342592592592593 0.027276041666666664
2 0.22549074074074074 0.5175677083333333 0.027101851851851853 0.025645833333333333
2 0.2249722222222222 0.5654739583333334 0.01990740740740741 0.047385416666666666
2 0.2244537037037037 0.6121145833333334 0.020935185185185185 0.027234374999999998
2 0.22219444444444444 0.6431302083333333 0.02051851851851852 0.01982291666666667
2 0.21941666666666668 0.6796927083333333 0.021138888888888888 0.03277083333333333
3 0.3458425925925926 0.448828125 0.14847222222222223 0.06408854166666667
3 0.3460462962962963 0.5206927083333334 0.14476851851851852 0.06476041666666667
3 0.3431666666666667 0.59203125 0.14724074074074076 0.06461979166666666
3 0.3373055555555556 0.6629114583333333 0.1457962962962963 0.06633333333333333
3 0.4953148148148149 0.6644166666666667 0.14700925925925926 0.06240104166666667
4 0.37094444444444447 0.518609375 0.015555555555555557 0.043932291666666665
4 0.3688888888888889 0.5935989583333333 0.011444444444444445 0.022614583333333334
4 0.36724074074074076 0.664015625 0.01637962962962963 0.02803125
4 0.5221666666666667 0.6656927083333334 0.017583333333333333 0.034859375000000005
5 0.3957407407407407 0.5225416666666667 0.021925925925925925 0.028651041666666665
5 0.39028703703703704 0.5910520833333333 0.021314814814814814 0.02678125
5 0.3882314814814815 0.6621614583333333 0.017203703703703704 0.024328125
5 0.5437685185185185 0.66540625 0.015527777777777777 0.026177083333333333
1 0.82975 0.56025 0.04921296296296296 0.27073437499999997
0 0.8881851851851852 0.5395989583333333 0.0492037037037037 0.23058333333333333
0 0.8819074074074075 0.6780729166666667 0.04365740740740741 0.038786458333333336