3 0.166471 0.339113 0.140603 0.098520
3 0.319699 0.341250 0.132716 0.095893
3 0.472183 0.342978 0.131113 0.095404
3 0.620052 0.346799 0.126961 0.095160
3 0.162907 0.445407 0.141890 0.097449
4 0.167830 0.359707 0.054127 0.007909
4 0.321440 0.361506 0.038505 0.007856
4 0.470804 0.362920 0.090548 0.007967
4 0.619372 0.364789 0.062306 0.008291
4 0.165093 0.465022 0.064826 0.007113
5 0.167704 0.373459 0.048943 0.007321
5 0.320700 0.374669 0.047444 0.007279
5 0.472283 0.376643 0.048267 0.008490
5 0.619840 0.378223 0.045540 0.007342
5 0.164494 0.479471 0.051970 0.007513
2 0.137369 0.262800 0.052981 0.009149
2 0.212780 0.264237 0.028039 0.009759
2 0.280347 0.265287 0.041149 0.009079
2 0.378581 0.267870 0.088357 0.010085
2 0.475519 0.269373 0.040458 0.008991
2 0.547227 0.270387 0.039761 0.007919
1 0.385958 0.674899 0.586235 0.029660
0 0.137283 0.714102 0.086726 0.026382
