3 0.6840462962962963 0.32496875000000003 0.13704629629629628 0.09521354166666667
3 0.5324259259259259 0.32351041666666663 0.13877777777777778 0.09605729166666667
4 0.6841481481481482 0.34258854166666663 0.06139814814814815 0.0076927083333333335
4 0.5348518518518518 0.34300520833333337 0.08782407407407407 0.007854166666666667
5 0.6850740740740741 0.35670833333333335 0.04622222222222223 0.007635416666666667
5 0.5351944444444444 0.35700000000000004 0.047453703703703706 0.0073124999999999996
2 0.33667592592592593 0.24682291666666664 0.04075925925925926 0.008239583333333333
2 0.4368148148148148 0.24673958333333335 0.08893518518518519 0.008619791666666666
2 0.5341203703703704 0.24727604166666667 0.041296296296296296 0.009244791666666667
2 0.6075925925925927 0.24774479166666669 0.0409537037037037 0.009276041666666667
0 0.509796 0.696680 0.504929 0.042154
1 0.403843 0.661660 0.710656 0.043248
