2 0.386587 0.293490 0.054640 0.019686
2 0.437835 0.302730 0.042141 0.017276
2 0.483904 0.311368 0.047141 0.020088
2 0.554079 0.321613 0.081067 0.023704
2 0.624611 0.334972 0.050712 0.018280
2 0.678001 0.343710 0.045355 0.017276
4 0.361231 0.360584 0.054641 0.019686
4 0.466941 0.380371 0.056069 0.019888
4 0.578185 0.400861 0.067140 0.022298
4 0.689429 0.421853 0.059640 0.021695
4 0.309449 0.434609 0.063925 0.022700
4 0.416407 0.454798 0.066425 0.023303
4 0.525866 0.475991 0.061069 0.023503
5 0.354089 0.370829 0.046069 0.016071
5 0.462655 0.391319 0.048926 0.016874
5 0.569078 0.410805 0.051783 0.019686
5 0.681215 0.431295 0.054640 0.018079
5 0.299985 0.446060 0.053569 0.016271
5 0.407122 0.465947 0.047855 0.018281
5 0.519081 0.487944 0.053926 0.017276
3 0.370338 0.348330 0.154992 0.089192
3 0.476583 0.368821 0.148921 0.089995
3 0.581577 0.389109 0.160349 0.092004
3 0.695679 0.409800 0.162848 0.094013
3 0.314091 0.422356 0.164634 0.099839
3 0.422300 0.446160 0.158920 0.094415
3 0.533008 0.467052 0.159635 0.096022
1 0.391737 0.593283 0.463540 0.126113
1 0.371077 0.622855 0.457402 0.119899
0 0.161809 0.608472 0.080598 0.037742
0 0.383760 0.659331 0.387851 0.108163
5 0.570525 0.630565 0.073234 0.029457
5 0.553138 0.658180 0.061369 0.026695
4 0.236883 0.553700 0.063006 0.020252
4 0.208040 0.580856 0.047868 0.018410
