3 0.191668 0.281687 0.137471 0.095819
3 0.343013 0.284122 0.136194 0.097315
3 0.491117 0.287111 0.130974 0.093664
3 0.635344 0.289630 0.130871 0.092008
3 0.185627 0.383901 0.136699 0.094969
2 0.162481 0.204207 0.053248 0.011918
2 0.237914 0.206083 0.029369 0.010829
2 0.304668 0.209217 0.038425 0.013263
2 0.400640 0.211632 0.085008 0.011081
2 0.495520 0.214805 0.041077 0.010685
2 0.568198 0.217376 0.040665 0.011011
4 0.191840 0.299821 0.056672 0.009295
4 0.343919 0.302990 0.038405 0.007928
4 0.491274 0.305930 0.090553 0.011884
4 0.635384 0.309340 0.063752 0.010035
4 0.188802 0.403402 0.071142 0.008440
5 0.191475 0.313578 0.050806 0.008880
5 0.342356 0.316313 0.049583 0.009676
5 0.489874 0.319385 0.050089 0.010865
5 0.633433 0.322610 0.051289 0.007684
5 0.185425 0.417647 0.052403 0.009963
1 0.406492 0.579921 0.587618 0.029057
1 0.404735 0.613134 0.585187 0.027276
0 0.453666 0.649667 0.486844 0.029318
