2 0.200708 0.238835 0.062981 0.016262
2 0.274831 0.241195 0.031975 0.012039
2 0.342500 0.243439 0.048931 0.012855
2 0.438633 0.246815 0.089706 0.014041
2 0.533077 0.250371 0.044463 0.012164
2 0.606021 0.252893 0.043683 0.011797
4 0.226154 0.334583 0.067806 0.011604
4 0.377900 0.338789 0.052300 0.010892
4 0.528364 0.342607 0.064920 0.011317
4 0.676425 0.347007 0.050140 0.010347
4 0.218880 0.440002 0.067219 0.011010
4 0.373140 0.443045 0.065353 0.011432
4 0.523199 0.445669 0.052181 0.011101
5 0.223652 0.348177 0.050273 0.010228
5 0.376913 0.351874 0.047912 0.009746
5 0.526305 0.356692 0.048700 0.010072
5 0.673947 0.360487 0.046744 0.009549
5 0.219370 0.453057 0.051362 0.010204
5 0.371888 0.456527 0.050644 0.009873
5 0.522762 0.459767 0.048328 0.009360
3 0.227146 0.314653 0.143457 0.099899
3 0.380070 0.319908 0.139702 0.099799
3 0.528997 0.324327 0.135649 0.096158
3 0.677042 0.328597 0.132888 0.094328
3 0.219686 0.418927 0.145714 0.101986
3 0.373416 0.423570 0.141462 0.098078
3 0.524270 0.426751 0.137382 0.097767
1 0.428013 0.556374 0.574253 0.041259
1 0.427264 0.594766 0.576695 0.039892
1 0.427239 0.630310 0.580527 0.034476
1 0.426466 0.659393 0.580915 0.023328
0 0.178051 0.689373 0.087469 0.029932
0 0.480638 0.691997 0.497256 0.033509
