2 0.374095 0.288512 0.053644 0.018705
2 0.425857 0.297159 0.029803 0.011999
2 0.474325 0.306688 0.042664 0.014823
2 0.543811 0.318863 0.074349 0.020116
2 0.607964 0.330598 0.045174 0.015352
2 0.667098 0.341097 0.044860 0.017999
3 0.568907 0.383095 0.152148 0.089642
3 0.680901 0.405946 0.157794 0.093700
3 0.518714 0.458532 0.155912 0.094759
3 0.412368 0.436386 0.153402 0.091407
3 0.301322 0.414240 0.152762 0.091583
4 0.563261 0.396506 0.080623 0.024351
4 0.673215 0.418122 0.069015 0.020998
5 0.555731 0.406652 0.046115 0.016411
5 0.667568 0.427474 0.043292 0.014999
5 0.503970 0.481118 0.047369 0.016411
5 0.394800 0.458973 0.047370 0.016940
5 0.286885 0.437974 0.044860 0.015529
4 0.294570 0.428268 0.038900 0.013058
4 0.401701 0.449532 0.042351 0.016058
4 0.512754 0.471501 0.076231 0.021881
1 0.352582 0.614169 0.455955 0.122560
0 0.146532 0.602814 0.082838 0.035632
0 0.366852 0.652347 0.392608 0.106506
