1 0.366698 0.504059 0.484442 0.081449
1 0.354695 0.531637 0.483299 0.083165
1 0.343136 0.562359 0.481775 0.086451
1 0.331196 0.591609 0.477202 0.084680
0 0.118828 0.591107 0.077078 0.031566
0 0.365442 0.625621 0.420884 0.082719
2 0.264194 0.228380 0.048343 0.014452
2 0.322171 0.232389 0.033224 0.011949
2 0.375956 0.237527 0.038048 0.012510
2 0.455614 0.244334 0.077332 0.016127
2 0.536150 0.250723 0.039769 0.012241
2 0.598390 0.255026 0.039770 0.012241
2 0.263345 0.290405 0.142638 0.089465
2 0.385263 0.302387 0.139068 0.090707
2 0.507103 0.313836 0.142595 0.091240
2 0.635878 0.326173 0.146426 0.091772
2 0.349504 0.387890 0.139067 0.090707
2 0.227585 0.375376 0.142639 0.089465
4 0.377187 0.317989 0.046236 0.012655
4 0.502763 0.329803 0.046236 0.012655
4 0.630558 0.341685 0.057408 0.015011
4 0.342587 0.404785 0.076647 0.015884
5 0.372377 0.328942 0.042513 0.011520
5 0.498264 0.340581 0.042513 0.011520
5 0.624771 0.353441 0.042513 0.011520
5 0.338252 0.415700 0.042513 0.011520
5 0.217439 0.403425 0.042513 0.011520
