3 0.312290 0.336694 0.110651 0.075432
3 0.428926 0.332641 0.109674 0.076393
3 0.548898 0.328356 0.113262 0.076394
3 0.670740 0.324621 0.113261 0.076393
3 0.312085 0.417128 0.110484 0.078017
4 0.311072 0.350821 0.071727 0.009697
4 0.430513 0.347618 0.061875 0.009870
4 0.549712 0.343502 0.063544 0.008564
4 0.671258 0.340184 0.073597 0.010599
4 0.314386 0.431630 0.052264 0.007799
4 0.332340 0.541900 0.057953 0.009549
4 0.328874 0.569024 0.048531 0.010099
4 0.334296 0.594423 0.058664 0.009499
5 0.708115 0.533466 0.057120 0.012410
5 0.710313 0.560543 0.057120 0.012410
5 0.713720 0.590170 0.057120 0.012410
1 0.503962 0.537121 0.487490 0.035190
1 0.507066 0.563858 0.487490 0.035190
1 0.508275 0.595092 0.491887 0.038590
0 0.297693 0.630877 0.068907 0.024140
0 0.550353 0.626651 0.416467 0.033367
5 0.671359 0.350058 0.041319 0.008178
5 0.549855 0.354090 0.041319 0.008178
5 0.429625 0.357692 0.041319 0.008178
5 0.311308 0.361582 0.041319 0.008178
5 0.311973 0.442589 0.041319 0.007327
2 0.546223 0.272198 0.038075 0.010211
2 0.605030 0.270661 0.038075 0.010210
2 0.394434 0.277467 0.038075 0.010210
2 0.342565 0.278798 0.027006 0.008467
2 0.284414 0.281140 0.043694 0.010661
2 0.470847 0.274626 0.071944 0.010833
