2 0.407797 0.291698 0.057708 0.021338
2 0.462479 0.301005 0.034706 0.015436
2 0.510301 0.308042 0.040759 0.018160
2 0.580924 0.322684 0.071431 0.021565
2 0.648520 0.333920 0.044392 0.019522
2 0.702597 0.346065 0.049234 0.018388
3 0.393470 0.346632 0.145281 0.089439
3 0.609576 0.389309 0.150528 0.088531
3 0.716519 0.408717 0.152143 0.093298
3 0.338183 0.419386 0.158195 0.094206
3 0.444319 0.442654 0.154159 0.094433
3 0.556912 0.463879 0.151738 0.095114
4 0.380153 0.359798 0.064569 0.018614
4 0.489921 0.381364 0.058112 0.018160
4 0.602716 0.401453 0.082730 0.025651
4 0.710264 0.421883 0.071027 0.025651
4 0.329304 0.431645 0.037934 0.015209
4 0.437458 0.454572 0.038742 0.016117
4 0.547831 0.476704 0.081922 0.024516
5 0.376508 0.370639 0.041341 0.014123
5 0.483543 0.390336 0.042096 0.014653
5 0.592087 0.411307 0.048893 0.015609
5 0.705257 0.433182 0.046438 0.013910
5 0.539231 0.487601 0.045872 0.014866
5 0.428232 0.463444 0.046249 0.017308
5 0.321953 0.442101 0.042474 0.016246
1 0.409619 0.592432 0.461215 0.123912
1 0.388757 0.620192 0.458074 0.122903
0 0.178115 0.606564 0.078066 0.036089
0 0.403563 0.656533 0.389880 0.110789
5 0.586165 0.631675 0.065952 0.024732
5 0.570910 0.661075 0.059670 0.021956
4 0.258424 0.553693 0.065503 0.022208
4 0.246086 0.584230 0.083898 0.026751
