2 0.501126 0.330345 0.077196 0.017589
2 0.582231 0.341155 0.038762 0.011726
2 0.644770 0.349583 0.039412 0.012459
3 0.298827 0.366300 0.153744 0.090059
4 0.290345 0.379819 0.059023 0.015705
5 0.283983 0.390952 0.047713 0.013718
3 0.424296 0.383497 0.153036 0.091848
4 0.416167 0.397513 0.061144 0.015705
5 0.409982 0.408845 0.048068 0.014115
3 0.550295 0.401489 0.151977 0.090854
4 0.543756 0.415604 0.080936 0.018886
5 0.538631 0.426339 0.046654 0.013717
3 0.678768 0.418486 0.150916 0.092246
4 0.673289 0.432701 0.070686 0.016501
5 0.667281 0.444530 0.048773 0.013917
3 0.250742 0.448644 0.160343 0.094461
4 0.241504 0.463676 0.040911 0.013176
5 0.234740 0.475832 0.047838 0.014104
3 0.379081 0.467852 0.160343 0.095760
3 0.509381 0.486181 0.158106 0.097003
4 0.501730 0.501422 0.083516 0.019903
5 0.496152 0.513076 0.047495 0.014523
1 0.345279 0.676607 0.550459 0.108798
0 0.095664 0.674107 0.093050 0.037932
0 0.369848 0.717921 0.469956 0.099683
