2 0.069275 0.179687 0.046409 0.016387
2 0.165650 0.168635 0.092141 0.021341
2 0.261347 0.157965 0.045731 0.016006
2 0.336720 0.149771 0.046070 0.016006
3 0.140251 0.254111 0.168450 0.112821
4 0.149028 0.275225 0.065737 0.018068
5 0.153323 0.289197 0.050422 0.014496
3 0.287224 0.239089 0.168824 0.114712
4 0.294507 0.260098 0.093002 0.020590
5 0.299176 0.274175 0.051544 0.015127
3 0.437746 0.223227 0.167329 0.116603
4 0.444469 0.244866 0.082171 0.019118
5 0.448017 0.259153 0.051169 0.014077
3 0.181711 0.359178 0.157034 0.105309
3 0.324469 0.345297 0.161113 0.107375
4 0.330792 0.365028 0.089733 0.017437
5 0.334462 0.378909 0.050577 0.014454
1 0.335186 0.564748 0.537148 0.066059
