3 0.23467592592592593 0.456296875 0.1568425925925926 0.06858333333333334
3 0.23108333333333334 0.5342135416666667 0.1566111111111111 0.07207812499999999
3 0.22969444444444445 0.6101145833333333 0.15383333333333332 0.07022916666666666
3 0.39437962962962964 0.6109583333333333 0.1521851851851852 0.07061979166666667
3 0.22657407407407407 0.6865364583333334 0.15452777777777776 0.069421875
3 0.3958888888888889 0.6877708333333333 0.15287962962962964 0.06798958333333333
2 0.1079537037037037 0.493796875 0.02146296296296296 0.02899479166666667
2 0.10621296296296295 0.530703125 0.024935185185185185 0.025989583333333333
2 0.10366666666666666 0.5803020833333333 0.02447222222222222 0.049666666666666665
2 0.10227777777777777 0.6293854166666667 0.021694444444444443 0.025437500000000002
2 0.10389814814814814 0.664015625 0.020305555555555556 0.02178125
2 0.10088888888888889 0.6996875 0.018916666666666665 0.035833333333333335
4 0.26487962962962963 0.45734375 0.01125 0.039421875
4 0.26187037037037036 0.533828125 0.019120370370370367 0.032239583333333335
4 0.25839814814814815 0.6097291666666667 0.016805555555555553 0.03559895833333333
4 0.25608333333333333 0.6858854166666667 0.021435185185185186 0.029067708333333334
4 0.42412962962962963 0.6109635416666667 0.024185185185185185 0.049791666666666665
4 0.42297222222222225 0.6866666666666668 0.01724074074074074 0.030630208333333336
5 0.2860648148148148 0.45740625 0.01887962962962963 0.02783333333333333
5 0.28432407407407406 0.5342812499999999 0.013101851851851852 0.029244791666666665
5 0.28305555555555556 0.610640625 0.017499999999999998 0.029609375
5 0.2799259259259259 0.6860833333333333 0.018194444444444444 0.03076041666666667
5 0.4528333333333333 0.6112239583333333 0.022324074074074073 0.029479166666666667
5 0.4472777777777778 0.6884895833333334 0.014916666666666667 0.029062499999999998
1 0.695287037037037 0.5749479166666667 0.048435185185185185 0.2925989583333333
1 0.7533796296296296 0.5767708333333333 0.05074074074074074 0.29520312499999996
0 0.8110185185185185 0.7021614583333334 0.04471296296296296 0.04338020833333334
0 0.8140277777777778 0.5533385416666667 0.057212962962962965 0.24834375