3 0.19937037037037036 0.2856927083333333 0.1254074074074074 0.09603645833333332
3 0.35 0.2890833333333333 0.12574074074074076 0.09293749999999999
3 0.49789814814814815 0.2924375 0.12063888888888888 0.0911875
3 0.6392592592592592 0.295265625 0.125 0.09120312500000001
3 0.19688888888888886 0.3903697916666667 0.1355 0.09240104166666667
2 0.17097222222222222 0.21018229166666666 0.05857407407407407 0.011302083333333332
2 0.2438425925925926 0.21290625 0.027898148148148148 0.010369791666666666
2 0.3105833333333333 0.21532291666666667 0.040990740740740744 0.009296875000000001
2 0.40608333333333335 0.21819270833333335 0.08249074074074074 0.010036458333333333
2 0.4991481481481482 0.22001041666666668 0.039935185185185185 0.010942708333333334
2 0.5693981481481482 0.22230729166666666 0.03983333333333334 0.009625
4 0.19919444444444445 0.305171875 0.0525462962962963 0.008541666666666666
4 0.34874074074074074 0.3081510416666667 0.03730555555555556 0.0076875
4 0.49533333333333335 0.31186458333333333 0.08563888888888889 0.009651041666666667
4 0.6395462962962963 0.31391145833333334 0.05892592592592592 0.00875
4 0.19415740740740742 0.40830208333333334 0.06590740740740741 0.007984375
5 0.19887037037037036 0.318546875 0.0470462962962963 0.0075625
5 0.347962962962963 0.32125 0.04624074074074074 0.007515625
5 0.4947129629629629 0.32500520833333335 0.04480555555555556 0.007755208333333334
5 0.6378333333333334 0.32787499999999997 0.045 0.007588541666666667
5 0.19410185185185186 0.422140625 0.04800925925925926 0.007942708333333333
1 0.4106851851851852 0.615515625 0.5755462962962963 0.027687499999999997
0 0.41508333333333336 0.6533333333333334 0.5762129629629629 0.029036458333333334