2 0.124059 0.217257 0.061526 0.014711
2 0.201600 0.219567 0.035106 0.012005
2 0.271700 0.221840 0.048157 0.011630
2 0.371864 0.225467 0.093246 0.012587
3 0.150415 0.295847 0.148965 0.100270
3 0.308093 0.300094 0.148218 0.100808
3 0.458656 0.306099 0.133511 0.093682
3 0.647816 0.329229 0.129309 0.092796
3 0.207274 0.416183 0.139945 0.098143
3 0.355187 0.420938 0.136475 0.094653
3 0.499975 0.424260 0.133686 0.093929
4 0.149403 0.314850 0.070636 0.011030
4 0.307808 0.319178 0.055097 0.011286
4 0.463709 0.323327 0.067839 0.011092
4 0.647543 0.347078 0.050756 0.010090
4 0.205968 0.436168 0.066618 0.010802
4 0.353938 0.439246 0.066273 0.011164
4 0.499503 0.442493 0.052157 0.011647
5 0.148207 0.328691 0.050346 0.010692
5 0.306362 0.333495 0.050758 0.010428
5 0.462241 0.337550 0.052097 0.010086
5 0.646671 0.360030 0.048247 0.010645
5 0.204502 0.449826 0.051284 0.010057
5 0.352663 0.452939 0.049295 0.010027
5 0.500014 0.455978 0.048877 0.009466
1 0.411379 0.641158 0.575131 0.038839
0 0.164281 0.676292 0.084913 0.029278
0 0.459989 0.680027 0.470631 0.033309
