2 0.517237 0.235904 0.085135 0.010692
2 0.608798 0.236958 0.040158 0.010692
2 0.678941 0.237937 0.039622 0.009638
3 0.320932 0.306661 0.128617 0.092699
4 0.319868 0.324961 0.062027 0.009578
5 0.319260 0.337874 0.046825 0.009407
3 0.463079 0.307687 0.130744 0.093726
4 0.460799 0.326329 0.061116 0.009578
5 0.460799 0.339413 0.047129 0.009065
3 0.603322 0.310100 0.130828 0.093813
4 0.602781 0.328649 0.085417 0.011099
5 0.601430 0.341041 0.047573 0.009427
3 0.745098 0.311848 0.132719 0.092748
4 0.742800 0.330018 0.074063 0.010187
5 0.742394 0.343398 0.047304 0.008971
3 0.319720 0.405586 0.128543 0.090267
4 0.317173 0.423741 0.041381 0.009794
5 0.317678 0.436444 0.045419 0.009368
3 0.459737 0.406780 0.129191 0.090838
4 0.458349 0.425373 0.037596 0.009935
5 0.458475 0.438005 0.046428 0.009367
3 0.598390 0.408625 0.130452 0.091405
4 0.597759 0.427005 0.084277 0.010361
5 0.597128 0.439851 0.046681 0.009368
1 0.519626 0.614539 0.532606 0.030715
0 0.293381 0.644372 0.077429 0.026938
0 0.561250 0.647393 0.443988 0.031470
