0 0.8783148148148149 0.536359375 0.042638888888888886 0.22989583333333333
0 0.8754351851851853 0.6741406249999999 0.04511111111111111 0.03671354166666666
1 0.8264722222222223 0.5566666666666666 0.0442962962962963 0.27166666666666667
3 0.3391574074074074 0.4463385416666667 0.1433425925925926 0.068375
3 0.3372037037037037 0.5179166666666667 0.1456111111111111 0.06684895833333333
3 0.33463888888888893 0.5894322916666667 0.14251851851851852 0.06636458333333334
3 0.4908981481481481 0.5904166666666666 0.14434259259259258 0.067171875
3 0.49244444444444446 0.662046875 0.14125925925925925 0.06460416666666667
3 0.3318611111111111 0.6608906250000001 0.1431388888888889 0.06229166666666666
4 0.36992592592592594 0.44651562499999997 0.01762962962962963 0.03284895833333333
4 0.36642592592592593 0.5187864583333334 0.01475 0.023453125000000002
4 0.36437037037037034 0.589953125 0.018861111111111113 0.02458854166666667
4 0.3602592592592592 0.6599687500000001 0.01887037037037037 0.028036458333333333
4 0.5219722222222223 0.5905885416666667 0.021305555555555557 0.04553125
4 0.5189907407407407 0.6622239583333334 0.01739814814814815 0.029078125
5 0.39235185185185184 0.44709374999999996 0.01721296296296296 0.0270625
5 0.38875000000000004 0.5193072916666667 0.016185185185185184 0.027963541666666664
5 0.3857685185185185 0.5883906250000001 0.01721296296296296 0.0295625
5 0.5430555555555555 0.5913437500000001 0.012046296296296296 0.027364583333333335
5 0.5402777777777777 0.6619375000000001 0.012666666666666666 0.025026041666666665
5 0.3841203703703704 0.6602552083333334 0.01721296296296296 0.02745833333333333
2 0.22477777777777777 0.48082812500000005 0.021564814814814814 0.026239583333333334
2 0.22302777777777777 0.5153697916666666 0.020120370370370372 0.024723958333333334
2 0.21912037037037038 0.56171875 0.024648148148148148 0.0468125
2 0.21798148148148147 0.609453125 0.020333333333333335 0.025390625
2 0.21459259259259258 0.6411614583333333 0.02383333333333333 0.019364583333333334
2 0.2155185185185185 0.6768072916666666 0.02362037037037037 0.030463541666666667