3 0.272222 0.539323 0.150000 0.096354
3 0.397210 0.517607 0.149220 0.096354
3 0.321956 0.626207 0.150000 0.096354
3 0.444159 0.605086 0.150000 0.096354
3 0.511111 0.497135 0.137037 0.091146
3 0.620833 0.477083 0.128704 0.087500
3 0.556944 0.579427 0.134259 0.091146
1 0.591204 0.773438 0.443519 0.132292
0 0.644444 0.793490 0.357407 0.111979
0 0.426389 0.849219 0.075000 0.036979
4 0.279074 0.556665 0.066377 0.021290
4 0.406215 0.533759 0.066378 0.021290
4 0.519782 0.512476 0.066377 0.021290
4 0.332575 0.643687 0.066378 0.021290
4 0.451488 0.618467 0.066377 0.021290
4 0.565462 0.595561 0.066377 0.021290
4 0.629240 0.492588 0.066377 0.021290
5 0.286583 0.567541 0.054648 0.018050
5 0.411256 0.545560 0.054648 0.018050
5 0.337610 0.656409 0.054648 0.018049
5 0.458991 0.631188 0.054648 0.018049
5 0.572143 0.607356 0.054649 0.018050
5 0.526475 0.523821 0.054649 0.018049
5 0.634690 0.503229 0.054648 0.018050
4 0.209738 0.480531 0.063509 0.024529
4 0.270723 0.470039 0.032798 0.012995
4 0.326269 0.460172 0.046023 0.015769
4 0.479350 0.435329 0.042188 0.015471
4 0.404725 0.446560 0.079290 0.022315
4 0.535667 0.425882 0.039588 0.014281
