1 0.382254 0.616990 0.448708 0.110918
1 0.365669 0.642643 0.450698 0.112579
0 0.462964 0.609858 0.154559 0.052379
0 0.320739 0.581023 0.149232 0.050575
0 0.159810 0.630156 0.074283 0.034105
0 0.381999 0.678055 0.386309 0.102491
7 0.455335 0.503093 0.462200 0.294290
4 0.209293 0.610565 0.056427 0.018899
2 0.376212 0.315540 0.042576 0.013049
2 0.427856 0.324046 0.026354 0.010633
2 0.473843 0.331532 0.032746 0.010956
2 0.543400 0.343375 0.065682 0.016941
2 0.612366 0.355179 0.033962 0.011805
2 0.665873 0.363785 0.034924 0.012075
4 0.217818 0.584094 0.034779 0.013466
