7 0.48924074074074075 0.5495416666666666 0.28650925925925924 0.21610416666666668
6 0.4467037037037037 0.5499114583333333 0.05036111111111111 0.19339583333333332
6 0.5170277777777778 0.5497864583333333 0.049490740740740745 0.1931510416666667
0 0.5867037037037037 0.5503958333333333 0.05165740740740741 0.19290625
1 0.7449351851851852 0.5505208333333333 0.04601851851851852 0.30205729166666667
1 0.7998518518518519 0.5503958333333333 0.05339814814814815 0.3003489583333333
1 0.8611574074074073 0.678171875 0.04717592592592593 0.044078124999999996
3 0.2642407407407407 0.66503125 0.1582962962962963 0.07040104166666666
3 0.2648888888888889 0.5879583333333334 0.15796296296296294 0.06974999999999999
3 0.2659814814814815 0.5104947916666667 0.15746296296296297 0.07012499999999999
3 0.26614814814814813 0.43350000000000005 0.15712962962962962 0.07106770833333333
4 0.2970185185185185 0.43368749999999995 0.016731481481481483 0.034546875
4 0.2961018518518519 0.5108697916666667 0.015231481481481481 0.027765625000000002
4 0.29516666666666663 0.5884791666666668 0.015370370370370371 0.02664583333333333
4 0.29516666666666663 0.6661510416666666 0.015824074074074074 0.01996875
5 0.3178888888888889 0.6664375 0.016055555555555556 0.024734375
5 0.3191851851851852 0.5891145833333333 0.015037037037037036 0.024989583333333332
5 0.318962962962963 0.51109375 0.01549074074074074 0.024354166666666666
5 0.3201481481481481 0.433734375 0.016055555555555556 0.025052083333333332
2 0.14046296296296296 0.4711458333333333 0.01611111111111111 0.021458333333333336
2 0.1400925925925926 0.509765625 0.015925925925925927 0.021302083333333333
2 0.13972222222222222 0.559765625 0.01611111111111111 0.04505208333333333
2 0.13944444444444443 0.609453125 0.015925925925925927 0.021927083333333333
2 0.13925925925925928 0.6440625 0.016666666666666666 0.014583333333333334
2 0.13884259259259257 0.68203125 0.017314814814814814 0.02875