2 0.2037037037037037 0.25410937499999997 0.06003703703703704 0.012598958333333334
2 0.27546296296296297 0.2548125 0.03208333333333333 0.0115
2 0.3413425925925926 0.25584375000000004 0.04357407407407408 0.011833333333333333
2 0.4359537037037037 0.25757291666666665 0.08954629629629629 0.012598958333333334
2 0.5284722222222222 0.259578125 0.04587037037037037 0.012213541666666666
2 0.5983148148148147 0.26127083333333334 0.04460185185185185 0.012979166666666668
4 0.23273148148148148 0.34635937499999997 0.06615740740740741 0.010729166666666668
4 0.3811759259259259 0.3477604166666667 0.05496296296296296 0.009583333333333333
4 0.5278518518518519 0.3495260416666667 0.06625 0.01015625
4 0.6689444444444445 0.35126562499999997 0.0502962962962963 0.009343750000000001
4 0.23201851851851854 0.44908333333333333 0.06531481481481483 0.009869791666666666
4 0.38104629629629627 0.4497552083333333 0.06337037037037037 0.009489583333333333
4 0.5264814814814816 0.45058333333333334 0.051638888888888894 0.009916666666666666
5 0.2320648148148148 0.3600260416666667 0.04831481481481482 0.00940625
5 0.38030555555555556 0.36155729166666667 0.048740740740740744 0.009166666666666667
5 0.5259814814814814 0.36297916666666663 0.047712962962962964 0.009833333333333333
5 0.6689444444444445 0.36450520833333333 0.04833333333333334 0.009734375
5 0.2314074074074074 0.462671875 0.05179629629629629 0.009348958333333332
5 0.3809722222222222 0.4631458333333333 0.049249999999999995 0.008822916666666668
5 0.5267037037037038 0.4636510416666667 0.048574074074074075 0.010015625
3 0.233175 0.327578 0.136082 0.093730
3 0.381662 0.329010 0.133571 0.094718
3 0.526216 0.331450 0.131311 0.093306
3 0.668835 0.333546 0.129052 0.091895
3 0.230579 0.428646 0.139471 0.097115
3 0.380794 0.430485 0.134744 0.094443
3 0.527220 0.431384 0.131925 0.093501
1 0.449237 0.582122 0.573045 0.035764
1 0.449610 0.616199 0.573652 0.032835
1 0.452439 0.651540 0.577382 0.038794
0 0.206444 0.691353 0.085848 0.029032
0 0.497534 0.688763 0.477252 0.036532
