2 0.456565 0.317766 0.045543 0.016438
2 0.524689 0.329401 0.077043 0.021775
3 0.345365 0.353417 0.144219 0.081763
3 0.448974 0.373698 0.143459 0.086033
3 0.556948 0.392378 0.143080 0.087954
3 0.667199 0.411484 0.145736 0.088595
4 0.335629 0.367460 0.043543 0.015998
4 0.439702 0.385794 0.041781 0.015007
4 0.546923 0.404623 0.074501 0.022086
4 0.658044 0.424019 0.060154 0.018971
5 0.328330 0.377158 0.045556 0.015290
5 0.433536 0.395279 0.046059 0.015290
5 0.540756 0.415029 0.045053 0.015715
5 0.652003 0.433222 0.044549 0.015857
5 0.546294 0.633905 0.055624 0.019679
5 0.529305 0.660734 0.057385 0.018971
5 0.330343 0.651956 0.067201 0.024634
1 0.363961 0.597262 0.455869 0.117119
1 0.346268 0.624037 0.452653 0.114771
0 0.142000 0.612017 0.082718 0.035931
0 0.362582 0.659451 0.384181 0.102881
4 0.224718 0.563808 0.079961 0.025849
4 0.184048 0.589657 0.041819 0.018094
