3 0.19923148148148148 0.28763020833333336 0.12989814814814815 0.09393750000000001
3 0.3510648148148148 0.2907291666666667 0.1298240740740741 0.09388541666666667
3 0.4958611111111111 0.294953125 0.12492592592592591 0.09091666666666667
3 0.641361111111111 0.29804166666666665 0.12513888888888888 0.09183854166666668
3 0.19617592592592592 0.39115625 0.13489814814814816 0.09366145833333334
2 0.17055555555555554 0.21302083333333333 0.05413888888888889 0.010848958333333332
2 0.24619444444444444 0.21515625000000002 0.027203703703703702 0.008807291666666666
2 0.31069444444444444 0.21719270833333332 0.041129629629629634 0.008536458333333333
2 0.4058240740740741 0.21983854166666666 0.08264814814814815 0.008302083333333333
2 0.49899999999999994 0.22272916666666667 0.03886111111111111 0.009744791666666667
2 0.5694259259259259 0.22445833333333332 0.03799074074074074 0.008864583333333334
4 0.19915740740740742 0.30598437500000003 0.05100925925925926 0.007729166666666666
4 0.3491944444444444 0.30957291666666664 0.03674074074074074 0.008203125
4 0.4949444444444444 0.312578125 0.08478703703703704 0.008687499999999999
4 0.6386759259259259 0.3155572916666667 0.05862037037037037 0.007932291666666667
4 0.19604629629629627 0.4093177083333333 0.06443518518518519 0.009171875
5 0.19933333333333333 0.32035416666666666 0.047851851851851854 0.0076614583333333335
5 0.3475833333333333 0.3236041666666667 0.04685185185185185 0.00784375
5 0.4954259259259259 0.32679687500000004 0.04434259259259259 0.007520833333333333
5 0.6380370370370371 0.3290625 0.04400925925925926 0.008104166666666668
5 0.19528703703703704 0.42375520833333336 0.04747222222222223 0.007260416666666667
0 0.1629537037037037 0.6513281249999999 0.08139814814814815 0.024468749999999997
0 0.4567222222222222 0.6525833333333334 0.47405555555555556 0.02802083333333333