2 0.164520 0.224901 0.059576 0.012617
2 0.237340 0.227137 0.032171 0.010823
2 0.305045 0.229594 0.043716 0.011269
2 0.399602 0.233097 0.090368 0.014088
2 0.492129 0.235709 0.047264 0.012609
2 0.563620 0.238486 0.047263 0.012859
3 0.190599 0.299622 0.142360 0.097237
3 0.339983 0.304475 0.138421 0.095364
3 0.486632 0.309073 0.135696 0.094002
3 0.632830 0.312990 0.132667 0.093321
3 0.182500 0.401162 0.142414 0.098812
3 0.333739 0.406144 0.139787 0.096453
3 0.482484 0.409360 0.137565 0.095681
4 0.188964 0.318222 0.069287 0.011541
4 0.337662 0.322326 0.058304 0.011511
4 0.486163 0.326614 0.066486 0.012703
4 0.631294 0.330632 0.053330 0.010798
4 0.180530 0.421293 0.067192 0.011483
4 0.330697 0.424914 0.071307 0.012192
4 0.481367 0.428038 0.055955 0.012759
5 0.187508 0.331543 0.051915 0.011199
5 0.337582 0.335902 0.051073 0.012248
5 0.485121 0.339963 0.050264 0.011849
5 0.631272 0.343995 0.051223 0.011962
5 0.480375 0.441744 0.049356 0.009781
5 0.330540 0.438266 0.053531 0.011346
5 0.180630 0.435591 0.052516 0.011926
0 0.140008 0.666646 0.089355 0.030192
0 0.437867 0.669946 0.490291 0.034592
