2 0.213840 0.665007 0.026276 0.035947
2 0.214570 0.623232 0.026568 0.020354
2 0.214889 0.585048 0.024177 0.028233
2 0.214378 0.528449 0.024616 0.054331
2 0.214414 0.472131 0.023958 0.027412
2 0.215838 0.429958 0.024615 0.027278
3 0.355237 0.646408 0.176210 0.078920
3 0.353295 0.560958 0.179495 0.079759
3 0.354490 0.474536 0.175911 0.077072
3 0.354341 0.389295 0.175015 0.076569
3 0.541669 0.645534 0.177299 0.079941
3 0.542665 0.558705 0.171322 0.077281
3 0.541544 0.474361 0.171073 0.075461
4 0.38907407407407407 0.38930729166666667 0.02024074074074074 0.04531770833333334
4 0.38869444444444445 0.473609375 0.020324074074074074 0.052911458333333335
4 0.3893148148148148 0.5594479166666667 0.019425925925925926 0.038760416666666665
4 0.3897407407407408 0.6456145833333333 0.01813888888888889 0.038760416666666665
4 0.578425925925926 0.6441927083333333 0.018444444444444447 0.02459375
4 0.5768055555555556 0.5583385416666666 0.019046296296296297 0.023770833333333335
4 0.5766296296296296 0.47404166666666664 0.0187037037037037 0.051848958333333334
5 0.4129907407407407 0.389984375 0.018287037037037036 0.02875
5 0.4132685185185185 0.474046875 0.019472222222222224 0.028786458333333334
5 0.4143888888888889 0.5594895833333333 0.01952777777777778 0.029140625
5 0.41500925925925924 0.6454427083333333 0.02077777777777778 0.029276041666666665
5 0.6028703703703704 0.643859375 0.02047222222222222 0.030140624999999997
5 0.6016574074074074 0.558359375 0.01990740740740741 0.02880729166666667
5 0.6001944444444445 0.4739583333333333 0.020101851851851853 0.029489583333333333
1 0.935795 0.517212 0.057996 0.321475
