2 0.19825 0.4875416666666667 0.023046296296296297 0.026822916666666665
2 0.20049074074074075 0.5233541666666667 0.026490740740740742 0.026796875
2 0.1955462962962963 0.5702760416666667 0.02484259259259259 0.04772916666666667
2 0.19328703703703703 0.6161614583333334 0.024435185185185185 0.02722916666666667
2 0.1904074074074074 0.650765625 0.01867592592592593 0.020046875000000002
2 0.18937962962962962 0.68559375 0.020731481481481483 0.03183854166666667
3 0.319712962962963 0.4537447916666667 0.14353703703703705 0.06697395833333333
3 0.3129259259259259 0.525953125 0.15053703703703705 0.06788020833333334
3 0.4746388888888889 0.5275729166666667 0.14475000000000002 0.06648958333333334
3 0.30880555555555556 0.5989739583333333 0.15053703703703705 0.06808854166666665
3 0.47144444444444444 0.6002447916666667 0.14453703703703702 0.06831770833333332
3 0.30839814814814814 0.671765625 0.14971296296296296 0.06783333333333334
3 0.4677407407407408 0.6714739583333333 0.1453611111111111 0.06378125
4 0.34708333333333335 0.454671875 0.021324074074074075 0.04105208333333333
4 0.3416296296296296 0.5248541666666667 0.020703703703703703 0.04600520833333333
4 0.34132407407407406 0.5977604166666667 0.018027777777777778 0.03441145833333333
4 0.33905555555555555 0.669625 0.017620370370370373 0.03230729166666667
4 0.5022129629629629 0.5317395833333334 0.018824074074074073 0.042416666666666665
4 0.49974074074074076 0.5999583333333334 0.02212037037037037 0.027234374999999998
4 0.4961388888888889 0.6712447916666666 0.012861111111111111 0.021661458333333335
5 0.36971296296296297 0.45588541666666665 0.017203703703703704 0.0284375
5 0.36724074074074076 0.5277499999999999 0.0205 0.03559375
5 0.3639537037037037 0.5982239583333333 0.013916666666666666 0.026078125
5 0.3597314814814815 0.6698020833333334 0.01576851851851852 0.024552083333333332
5 0.5230925925925927 0.5286197916666667 0.013268518518518518 0.029223958333333334
5 0.5225833333333333 0.6011197916666667 0.014296296296296297 0.024921875
5 0.5182592592592593 0.6702604166666667 0.018000000000000002 0.025479166666666667
0 0.8593796296296297 0.5473489583333334 0.05003703703703704 0.22409375
0 0.8548518518518519 0.6853645833333334 0.04098148148148148 0.04063541666666667