2 0.189709 0.242552 0.057240 0.012338
2 0.261518 0.245115 0.030583 0.010264
2 0.327153 0.246893 0.042526 0.011273
2 0.419375 0.250404 0.086734 0.012624
2 0.511676 0.253961 0.040944 0.011407
2 0.581837 0.255808 0.039992 0.010652
3 0.215027 0.316313 0.138309 0.094883
3 0.361974 0.320508 0.137190 0.094534
3 0.505049 0.324899 0.133511 0.093682
3 0.647816 0.329229 0.129309 0.092796
3 0.207274 0.416183 0.139945 0.098143
3 0.355187 0.420938 0.136475 0.094653
3 0.499975 0.424260 0.133686 0.093929
4 0.213787 0.334515 0.064705 0.011023
4 0.360520 0.338835 0.052672 0.010628
4 0.505095 0.342789 0.063246 0.011060
4 0.647543 0.347078 0.050756 0.010090
4 0.205968 0.436168 0.066618 0.010802
4 0.353938 0.439246 0.066273 0.011164
4 0.499503 0.442493 0.052157 0.011647
5 0.211960 0.347991 0.050346 0.010692
5 0.358741 0.351845 0.047668 0.010543
5 0.504652 0.356113 0.047145 0.009952
5 0.646671 0.360030 0.048247 0.010645
5 0.204502 0.449826 0.051284 0.010057
5 0.352663 0.452939 0.049295 0.010027
5 0.500014 0.455978 0.048877 0.009466
1 0.411379 0.641158 0.575131 0.038839
0 0.164281 0.676292 0.084913 0.029278
0 0.459989 0.680027 0.470631 0.033309
