2 0.197545 0.246540 0.062981 0.016262
2 0.271668 0.249197 0.031975 0.012039
2 0.338283 0.252330 0.048931 0.012855
2 0.431586 0.256198 0.089706 0.015198
2 0.525769 0.259616 0.044463 0.012164
2 0.596103 0.261992 0.043683 0.011797
4 0.221185 0.340617 0.067806 0.011604
4 0.370554 0.345427 0.052300 0.010892
4 0.517423 0.350177 0.064920 0.011317
4 0.662075 0.354782 0.050140 0.010347
4 0.212004 0.444373 0.067219 0.011010
4 0.363284 0.448032 0.065353 0.011432
4 0.511285 0.451771 0.052181 0.011101
5 0.218485 0.354324 0.050273 0.010228
5 0.369305 0.358807 0.047912 0.009746
5 0.516346 0.363553 0.048700 0.010072
5 0.661031 0.368262 0.046744 0.009549
5 0.210999 0.457931 0.051362 0.010204
5 0.361375 0.461698 0.050644 0.009873
5 0.510583 0.465572 0.048328 0.009360
3 0.221689 0.322195 0.142749 0.097107
3 0.370975 0.327059 0.139350 0.096413
3 0.517877 0.332054 0.136260 0.095370
3 0.663156 0.336918 0.133479 0.094328
3 0.213574 0.423592 0.143057 0.099887
3 0.363180 0.429325 0.138732 0.097281
3 0.511090 0.433234 0.137496 0.096412
1 0.415664 0.559966 0.563069 0.043081
1 0.413891 0.597539 0.566210 0.042093
1 0.410496 0.632576 0.564931 0.036971
1 0.410156 0.661024 0.568357 0.025838
0 0.168450 0.689268 0.087104 0.029932
0 0.459195 0.693386 0.476705 0.034803
