3 0.192582 0.268672 0.135726 0.094666
3 0.341969 0.273172 0.134164 0.099221
3 0.491204 0.275827 0.131288 0.095643
3 0.638390 0.279298 0.131504 0.095886
3 0.185762 0.373471 0.142371 0.101593
2 0.161906 0.192798 0.056743 0.011146
2 0.237724 0.194477 0.029806 0.009389
2 0.305350 0.196546 0.041810 0.009082
2 0.402150 0.199388 0.090008 0.011210
2 0.496561 0.202295 0.041992 0.009914
2 0.566490 0.203748 0.041075 0.010153
4 0.192769 0.287995 0.054885 0.008752
4 0.342955 0.290575 0.039622 0.007758
4 0.490833 0.293688 0.088527 0.009449
4 0.636727 0.297175 0.063462 0.008067
4 0.187607 0.390636 0.068197 0.007794
5 0.190672 0.301288 0.050692 0.009684
5 0.342163 0.304392 0.048361 0.008053
5 0.490631 0.307782 0.047806 0.008391
5 0.637115 0.311014 0.047829 0.008451
5 0.186646 0.405853 0.050964 0.009532
1 0.406341 0.569443 0.587695 0.029283
1 0.406910 0.601850 0.586988 0.028439
0 0.154742 0.638515 0.086350 0.029193
0 0.452631 0.637945 0.490635 0.029049
