2 0.113648 0.480170 0.063693 0.025409
2 0.179192 0.466458 0.046658 0.020478
2 0.234815 0.455523 0.059136 0.024298
2 0.316154 0.437995 0.086549 0.028118
2 0.397004 0.420397 0.048284 0.017494
2 0.455321 0.408004 0.052618 0.019367
3 0.189088 0.539524 0.175278 0.108994
3 0.317020 0.511813 0.163815 0.104714
3 0.248401 0.627263 0.170219 0.102915
3 0.376766 0.598178 0.164809 0.103270
3 0.495834 0.567997 0.161700 0.103440
3 0.439057 0.484693 0.161700 0.103440
3 0.552621 0.458087 0.161701 0.103897
4 0.198337 0.555947 0.070285 0.025513
4 0.564943 0.472123 0.070285 0.025513
4 0.447374 0.499201 0.070285 0.025513
4 0.327954 0.527320 0.070285 0.025512
4 0.266856 0.644474 0.070285 0.025513
4 0.387209 0.612196 0.070285 0.025513
4 0.505710 0.583042 0.070285 0.025512
5 0.207789 0.570136 0.056471 0.020827
5 0.395723 0.625851 0.056471 0.020827
5 0.332774 0.540465 0.056472 0.020827
5 0.272603 0.658139 0.056472 0.020827
5 0.454981 0.512355 0.056472 0.020827
5 0.569779 0.486325 0.056471 0.020827
5 0.512385 0.596710 0.056472 0.020827
1 0.545578 0.765160 0.457557 0.150473
0 0.384731 0.846165 0.084430 0.042903
0 0.604491 0.782599 0.374934 0.126002
