0 0.17831481481481481 0.71259375 0.07881481481481482 0.026838541666666667
0 0.443256 0.709570 0.431857 0.035815
1 0.399990 0.676517 0.522997 0.035209
7 0.407406 0.500042 0.379489 0.189172
0 0.322348 0.568252 0.167934 0.028707
0 0.495299 0.567639 0.161392 0.029443
3 0.207738 0.371903 0.132384 0.091887
3 0.346665 0.373866 0.126279 0.091887
3 0.479595 0.378589 0.119517 0.089556
3 0.610562 0.381043 0.117555 0.089065
4 0.206102 0.390428 0.061939 0.009446
4 0.346120 0.393004 0.069355 0.010673
4 0.481122 0.395764 0.058450 0.009569
4 0.610454 0.398402 0.056706 0.009692
5 0.205338 0.402941 0.046892 0.008955
5 0.610018 0.410302 0.044056 0.009201
2 0.178949 0.301056 0.052562 0.011777
2 0.247976 0.303264 0.027481 0.009324
2 0.310788 0.304614 0.039694 0.010059
2 0.397373 0.308049 0.082441 0.011532
2 0.483521 0.310011 0.038821 0.010796
2 0.548841 0.311913 0.036858 0.011655
