1 0.435840 0.562317 0.493172 0.047753
1 0.428508 0.591084 0.497039 0.048369
1 0.422319 0.621471 0.502222 0.054946
1 0.415639 0.651751 0.504131 0.052169
3 0.538402 0.376823 0.124606 0.077710
3 0.662995 0.380133 0.121798 0.075891
3 0.416768 0.372490 0.124436 0.076385
3 0.295480 0.368837 0.126242 0.075667
3 0.272370 0.448712 0.131143 0.079210
2 0.611381 0.321115 0.039081 0.008931
2 0.549438 0.319143 0.039082 0.008931
2 0.473042 0.317197 0.072791 0.009618
2 0.398628 0.315133 0.038349 0.010167
4 0.292144 0.382653 0.036346 0.007842
4 0.413531 0.386905 0.046367 0.008916
4 0.535824 0.390953 0.045105 0.009293
4 0.661016 0.395079 0.057594 0.009214
4 0.271458 0.464292 0.045567 0.008506
5 0.289279 0.393773 0.039778 0.007617
5 0.410715 0.397317 0.039778 0.007617
5 0.533738 0.401544 0.039778 0.007617
5 0.659105 0.405335 0.039778 0.007617
5 0.268483 0.474783 0.041330 0.007934
0 0.194822 0.667987 0.076463 0.029241
0 0.459654 0.684200 0.440308 0.051494
3 0.397583 0.454235 0.130262 0.080686
5 0.391620 0.480257 0.041330 0.007934
4 0.394774 0.469522 0.074786 0.010344
2 0.344813 0.313596 0.038349 0.010167
2 0.286863 0.312533 0.043569 0.009966
