2 0.388582 0.300885 0.058715 0.020284
2 0.443830 0.310768 0.036062 0.014043
2 0.490525 0.318960 0.048081 0.016904
2 0.559684 0.331496 0.075496 0.022186
2 0.630703 0.344562 0.043797 0.016197
2 0.685753 0.353750 0.044039 0.015517
4 0.365380 0.370560 0.055170 0.018103
4 0.471727 0.390432 0.044765 0.015381
4 0.582914 0.411597 0.064848 0.020144
4 0.696883 0.432013 0.050815 0.016878
4 0.532220 0.487342 0.046700 0.014836
5 0.524598 0.497686 0.045007 0.016469
5 0.412081 0.475364 0.047427 0.015925
5 0.306581 0.453518 0.044039 0.016333
5 0.359330 0.380155 0.043071 0.015517
5 0.466888 0.400504 0.046701 0.016469
5 0.577349 0.420648 0.048879 0.016469
5 0.689503 0.442562 0.046217 0.014564
3 0.372760 0.357765 0.150749 0.090514
3 0.479954 0.378522 0.151233 0.091739
3 0.590173 0.398870 0.154863 0.095685
3 0.705594 0.420240 0.159219 0.094596
3 0.318316 0.429767 0.160429 0.095141
3 0.427204 0.452430 0.162848 0.096910
3 0.541415 0.475228 0.158008 0.096230
0 0.161742 0.620265 0.082131 0.040361
0 0.387001 0.670399 0.391680 0.109276
