0 0.207870 0.702730 0.076852 0.025253
0 0.480541 0.698100 0.448119 0.036893
2 0.155911 0.284779 0.057853 0.016661
2 0.293465 0.280614 0.047247 0.015471
2 0.392661 0.281804 0.092200 0.014281
2 0.483726 0.279126 0.049727 0.014876
2 0.557787 0.278531 0.049727 0.014877
3 0.633599 0.351899 0.138244 0.093669
3 0.484951 0.352795 0.138245 0.093669
3 0.193471 0.359043 0.138244 0.094852
4 0.6324444444444444 0.3703541666666667 0.06648148148148147 0.010052083333333333
5 0.6319166666666667 0.3841875 0.05484259259259259 0.0109375