0 0.527753 0.500672 0.173636 0.088432
0 0.383976 0.473692 0.173636 0.088431
0 0.376672 0.674676 0.381407 0.100240
0 0.155059 0.626632 0.072259 0.032914
1 0.360462 0.639107 0.448426 0.112117
1 0.377532 0.613778 0.446180 0.110306
1 0.394629 0.587073 0.448692 0.112000
7 0.452272 0.495106 0.391116 0.184002
3 0.681768 0.423641 0.141830 0.085631
3 0.571417 0.403973 0.141830 0.085632
4 0.561113 0.417670 0.070395 0.018304
4 0.673130 0.437327 0.051145 0.014785
5 0.666826 0.447210 0.039181 0.012452
5 0.554743 0.427431 0.039614 0.012452
2 0.660606 0.361028 0.036718 0.012038
2 0.606264 0.352589 0.034200 0.012392
2 0.537549 0.340492 0.069239 0.017703
2 0.468729 0.329546 0.033781 0.011743
2 0.422767 0.321347 0.024163 0.009828
