3 0.400093 0.381191 0.117015 0.073492
3 0.264162 0.455796 0.122294 0.071265
3 0.523813 0.382160 0.116945 0.073926
3 0.649031 0.384434 0.118450 0.075301
7 0.444864 0.491070 0.372220 0.117705
0 0.365631 0.518734 0.145288 0.028748
0 0.525383 0.523525 0.158789 0.030014
1 0.432971 0.569540 0.497901 0.036885
1 0.427025 0.598570 0.499830 0.038672
1 0.422686 0.629704 0.504651 0.044026
1 0.417221 0.660245 0.508186 0.040801
0 0.195110 0.681324 0.076822 0.027392
0 0.464954 0.692082 0.447115 0.043845
2 0.454668 0.325090 0.071680 0.010306
2 0.532133 0.326039 0.037607 0.009854
2 0.592438 0.325969 0.037608 0.009854
