2 0.300649 0.253244 0.040392 0.010503
2 0.391530 0.251743 0.083450 0.011360
2 0.480825 0.250588 0.038719 0.009878
2 0.550224 0.249517 0.039143 0.008927
3 0.206569 0.326586 0.128986 0.091053
4 0.207048 0.344724 0.059065 0.009518
5 0.207208 0.357295 0.046614 0.008800
3 0.343856 0.323982 0.128986 0.091951
4 0.344016 0.342479 0.060343 0.010057
5 0.344175 0.355320 0.045975 0.009159
3 0.482101 0.322186 0.128985 0.091951
4 0.481942 0.340593 0.084607 0.010955
5 0.482580 0.353255 0.047571 0.010057
3 0.621623 0.320569 0.128347 0.091591
4 0.621304 0.338439 0.074709 0.010236
5 0.621782 0.351549 0.046933 0.010237
3 0.212275 0.422909 0.123891 0.089022
3 0.348818 0.421210 0.126534 0.089447
4 0.349196 0.439269 0.038149 0.009561
5 0.348630 0.451804 0.046837 0.010411
3 0.485550 0.419722 0.125779 0.089872
4 0.485928 0.437782 0.083475 0.009561
5 0.485739 0.450211 0.046836 0.009773
0 0.207368 0.655747 0.074941 0.025921
0 0.471056 0.656139 0.435681 0.027754
