2 0.376767 0.312679 0.043013 0.013606
2 0.427878 0.321236 0.029004 0.011020
2 0.474775 0.328993 0.034366 0.012005
2 0.543233 0.340290 0.068404 0.017238
2 0.612963 0.352102 0.035370 0.012173
2 0.666441 0.361130 0.034966 0.012440
4 0.353497 0.380466 0.040882 0.012730
4 0.459302 0.399001 0.032479 0.011345
4 0.568230 0.418182 0.069915 0.018410
4 0.679528 0.437571 0.051548 0.015198
4 0.302225 0.452977 0.050146 0.014789
4 0.257614 0.555120 0.075218 0.020578
4 0.217310 0.580643 0.036710 0.013429
5 0.581135 0.624109 0.052936 0.018392
5 0.564622 0.651604 0.052936 0.018392
5 0.547719 0.677785 0.052937 0.018392
5 0.346054 0.389858 0.038681 0.012704
5 0.452708 0.408720 0.038681 0.012509
5 0.561353 0.428069 0.038075 0.012705
5 0.673035 0.447752 0.040053 0.012874
3 0.362532 0.368204 0.141202 0.082999
3 0.468019 0.386866 0.141202 0.082999
3 0.576533 0.405512 0.144622 0.084785
3 0.686906 0.424724 0.144622 0.084785
1 0.399697 0.588316 0.450651 0.111112
1 0.382366 0.614711 0.450052 0.111460
1 0.364896 0.639786 0.451754 0.113357
0 0.380552 0.675453 0.385373 0.102284
0 0.158417 0.628305 0.074461 0.031585
