2 0.445683 0.267689 0.086276 0.010684
2 0.537109 0.268526 0.038905 0.010041
2 0.607823 0.269749 0.038904 0.009655
3 0.248235 0.338151 0.130383 0.092791
4 0.247759 0.356710 0.062178 0.009636
5 0.247284 0.370093 0.045999 0.009279
3 0.391149 0.339847 0.129431 0.092969
4 0.391467 0.357959 0.060909 0.009279
5 0.390039 0.371253 0.045998 0.009101
3 0.532953 0.341542 0.129431 0.092434
4 0.532001 0.359743 0.085019 0.009993
5 0.531843 0.372859 0.045365 0.009101
3 0.673329 0.342969 0.130383 0.092791
4 0.672536 0.361171 0.074232 0.010349
5 0.672059 0.374197 0.046633 0.008922
3 0.248096 0.437888 0.128385 0.090759
4 0.247575 0.456137 0.038516 0.009759
5 0.247229 0.469311 0.046843 0.009954
3 0.390014 0.438864 0.129080 0.091149
4 0.389494 0.457210 0.039209 0.009564
5 0.389320 0.470580 0.047884 0.010149
3 0.530024 0.440035 0.128732 0.089979
4 0.528636 0.457894 0.086400 0.010540
5 0.528636 0.471263 0.047538 0.010735
1 0.451975 0.647537 0.534245 0.027277
0 0.226091 0.677961 0.078333 0.026111
0 0.495907 0.678894 0.443893 0.027976
