2 0.166163 0.221848 0.060814 0.013359
2 0.238364 0.224258 0.034035 0.012197
2 0.304474 0.226615 0.043795 0.011985
2 0.399823 0.230063 0.091846 0.013251
2 0.492941 0.233862 0.047049 0.013813
2 0.564006 0.235780 0.042063 0.011666
4 0.189767 0.316154 0.067499 0.013020
4 0.338459 0.319598 0.055587 0.011959
4 0.485285 0.324200 0.070964 0.013879
4 0.630599 0.328604 0.055444 0.011427
4 0.181176 0.418311 0.069156 0.012670
4 0.331638 0.422130 0.066894 0.013507
4 0.479557 0.425099 0.052760 0.012337
5 0.187725 0.329042 0.053232 0.011640
5 0.338940 0.333280 0.055116 0.012168
5 0.484719 0.337245 0.052290 0.010594
5 0.629777 0.341579 0.047024 0.009632
5 0.478952 0.438819 0.048915 0.009141
5 0.331767 0.435697 0.050237 0.009519
5 0.180479 0.432135 0.048941 0.009675
1 0.394016 0.556290 0.580994 0.041791
1 0.391994 0.591559 0.579981 0.037775
1 0.388318 0.626507 0.578953 0.039196
0 0.140666 0.661724 0.086388 0.028875
0 0.435706 0.665556 0.485253 0.035034
3 0.190728 0.296528 0.141359 0.096854
3 0.339758 0.301282 0.137970 0.096502
3 0.485815 0.305642 0.134582 0.094671
3 0.631087 0.310065 0.132161 0.093942
3 0.182200 0.398426 0.144506 0.099519
3 0.333655 0.403206 0.140149 0.095811
3 0.479966 0.406916 0.136090 0.094990
