2 0.36526851851851855 0.2767708333333333 0.028148148148148148 0.008942708333333334
2 0.41738888888888886 0.2762864583333334 0.03572222222222222 0.0080625
2 0.6403055555555556 0.27579166666666666 0.03813888888888889 0.007963541666666666
2 0.5772499999999999 0.2764479166666666 0.04000925925925926 0.008515625
4 0.3204166666666667 0.35325 0.03233333333333333 0.007604166666666666
4 0.4378425925925926 0.3547083333333333 0.04432407407407407 0.008286458333333333
5 0.4355277777777778 0.3667447916666667 0.04155555555555556 0.007963541666666666
4 0.5625 0.35747395833333334 0.04613888888888889 0.008781249999999999
5 0.5606018518518519 0.36943750000000003 0.044000000000000004 0.00821875
5 0.6890555555555555 0.37161979166666664 0.04492592592592593 0.008572916666666668
5 0.3172777777777778 0.3656197916666667 0.04069444444444445 0.00809375
4 0.6915 0.35977604166666666 0.05962037037037037 0.008645833333333333
3 0.427045 0.427990 0.124525 0.085437
3 0.306626 0.423881 0.121699 0.085972
3 0.323058 0.336621 0.118330 0.084927
3 0.440640 0.339918 0.117703 0.084583
3 0.564010 0.341023 0.124857 0.084642
3 0.693246 0.342728 0.131783 0.088483
0 0.252289 0.640839 0.068796 0.027927
0 0.495792 0.660986 0.419206 0.058647
1 0.467550 0.624492 0.488384 0.061720
