2 0.423052 0.380555 0.042320 0.022017
2 0.474630 0.360174 0.039675 0.021124
2 0.350491 0.405547 0.081641 0.035703
2 0.279029 0.433420 0.043379 0.020341
2 0.228427 0.452259 0.037988 0.021124
1 0.695572 0.694581 0.398095 0.187251
0 0.761100 0.704097 0.331838 0.156002
3 0.591087 0.396259 0.161804 0.098183
3 0.484781 0.434940 0.165994 0.098184
3 0.377443 0.478433 0.170869 0.105398
3 0.267796 0.524143 0.180945 0.105621
4 0.284830 0.537011 0.061722 0.029158
5 0.295940 0.547573 0.046906 0.021124
4 0.503660 0.450877 0.053617 0.024695
4 0.606432 0.410693 0.051489 0.022909
5 0.618158 0.420660 0.040733 0.019636
0 0.571240 0.789234 0.074590 0.041356
