4 0.253087 0.554500 0.075565 0.021499
4 0.212765 0.579987 0.036830 0.014112
4 0.205837 0.605673 0.053951 0.017148
4 0.297569 0.452277 0.050469 0.016104
4 0.454696 0.398648 0.034320 0.012081
4 0.563032 0.417534 0.070529 0.018633
4 0.674942 0.436998 0.053339 0.015282
5 0.290864 0.461678 0.039575 0.013470
5 0.447846 0.407905 0.038594 0.012529
5 0.556644 0.427298 0.039445 0.012333
5 0.667778 0.446859 0.040370 0.012729
5 0.575607 0.623101 0.054095 0.019021
5 0.559302 0.650489 0.056827 0.019451
5 0.542603 0.676502 0.054609 0.018091
0 0.375926 0.673852 0.383319 0.102242
0 0.154778 0.625853 0.074470 0.034191
1 0.395641 0.586549 0.448505 0.110744
1 0.378162 0.613716 0.449099 0.110367
1 0.360889 0.638903 0.451446 0.112820
3 0.308052 0.439296 0.139166 0.082411
3 0.462881 0.385715 0.138963 0.082577
3 0.571301 0.404778 0.141391 0.083443
3 0.682542 0.423653 0.142692 0.086234
2 0.662361 0.360026 0.036575 0.013437
2 0.608380 0.351276 0.035278 0.012292
2 0.539120 0.339714 0.068056 0.018021
2 0.470324 0.328542 0.035278 0.012240
