2 0.424130 0.324155 0.024251 0.010083
2 0.372990 0.315507 0.039837 0.012569
2 0.470560 0.332171 0.032557 0.011943
2 0.540098 0.343375 0.065164 0.017062
2 0.609561 0.354783 0.034416 0.011989
2 0.663614 0.364146 0.034809 0.011430
7 0.451981 0.502453 0.462602 0.293117
0 0.461657 0.610717 0.152929 0.052487
0 0.156357 0.630726 0.074524 0.033889
0 0.378782 0.679115 0.385255 0.102576
1 0.363367 0.643883 0.449843 0.110467
1 0.380593 0.617664 0.448549 0.110220
5 0.561892 0.655544 0.054655 0.018633
5 0.544962 0.681517 0.055251 0.019057
5 0.578263 0.628059 0.055251 0.019056
5 0.546784 0.513923 0.055250 0.019057
5 0.520585 0.561774 0.055250 0.019057
5 0.576735 0.468504 0.055250 0.019057
3 0.686476 0.428482 0.136558 0.085719
4 0.675276 0.440360 0.054333 0.016039
5 0.668613 0.450571 0.042647 0.013616
