1 0.424397 0.500513 0.486230 0.096458
1 0.397205 0.560554 0.484989 0.105447
1 0.379479 0.590482 0.484979 0.105211
0 0.167951 0.581687 0.077077 0.034417
0 0.412745 0.624118 0.421418 0.094616
2 0.337344 0.208262 0.048343 0.014452
2 0.395713 0.214443 0.030908 0.010710
2 0.451730 0.220141 0.037897 0.011444
2 0.534029 0.227554 0.077331 0.015714
2 0.614808 0.236193 0.039125 0.011884
2 0.680298 0.242148 0.038342 0.011737
2 0.334729 0.274341 0.145490 0.092245
2 0.716760 0.318303 0.161776 0.097717
4 0.446384 0.304689 0.046237 0.012655
4 0.573872 0.319532 0.046237 0.012655
4 0.707500 0.334401 0.060836 0.016066
4 0.403143 0.395219 0.076647 0.015884
5 0.700456 0.346745 0.047694 0.012862
5 0.398184 0.406659 0.042513 0.011520
5 0.567447 0.331706 0.047694 0.012862
5 0.440257 0.317058 0.047694 0.012862
2 0.581951 0.303308 0.155479 0.096164
2 0.455591 0.289699 0.152173 0.094182
4 0.324543 0.291637 0.035395 0.011238
5 0.318158 0.302692 0.041910 0.012092
4 0.284074 0.379460 0.044589 0.012628
2 0.291401 0.363176 0.143047 0.093133
2 0.414179 0.379117 0.149339 0.095208
1 0.411744 0.528753 0.482081 0.100042
5 0.618615 0.530771 0.064135 0.021558
5 0.605065 0.560081 0.064136 0.021558
5 0.589864 0.592740 0.064136 0.021558
5 0.572969 0.627403 0.064136 0.021558
4 0.253439 0.475140 0.062571 0.020678
4 0.234646 0.501757 0.052012 0.018039
4 0.229431 0.526737 0.060617 0.018918
4 0.219829 0.560809 0.071567 0.021118
