3 0.333994 0.338930 0.108957 0.075077
3 0.454353 0.336469 0.109214 0.074158
3 0.571787 0.332860 0.113676 0.075701
3 0.691570 0.328434 0.115791 0.077022
3 0.578950 0.412855 0.114616 0.076890
3 0.456698 0.415436 0.113377 0.076706
3 0.336567 0.418218 0.109448 0.076865
1 0.527105 0.539802 0.484979 0.033842
1 0.529137 0.566990 0.487601 0.033263
1 0.530872 0.596421 0.490301 0.037746
5 0.729615 0.536475 0.053220 0.012148
5 0.733142 0.563158 0.055647 0.011425
5 0.735513 0.592950 0.056049 0.012293
4 0.355986 0.544111 0.056096 0.009623
4 0.351436 0.571338 0.045794 0.008215
4 0.358192 0.596422 0.057109 0.008685
0 0.321327 0.632169 0.072210 0.025100
0 0.571665 0.628522 0.414594 0.033410
5 0.693423 0.353804 0.039784 0.008086
5 0.573128 0.357701 0.039783 0.008086
5 0.452404 0.360712 0.039783 0.008086
5 0.334542 0.364447 0.039783 0.008086
5 0.337175 0.445460 0.039784 0.008086
5 0.457586 0.442273 0.039784 0.008086
5 0.579141 0.439005 0.039783 0.008086
4 0.578794 0.428447 0.074558 0.009499
4 0.457297 0.431144 0.032056 0.007165
4 0.336859 0.434236 0.032056 0.007164
4 0.334941 0.353947 0.051805 0.007808
4 0.453648 0.350405 0.053092 0.008935
4 0.572855 0.346944 0.073556 0.009901
4 0.693065 0.343241 0.063109 0.009096
2 0.418014 0.280372 0.035919 0.008452
2 0.493145 0.277958 0.068262 0.009740
2 0.568240 0.275985 0.037136 0.009016
2 0.626306 0.273691 0.037494 0.008291
