7 0.453237 0.499982 0.459043 0.292264
0 0.461393 0.607794 0.154326 0.051771
0 0.158559 0.628242 0.072818 0.032841
0 0.379667 0.675876 0.385117 0.100700
1 0.364084 0.640741 0.449494 0.111208
1 0.382034 0.614633 0.449495 0.111208
5 0.545422 0.677891 0.056647 0.019223
5 0.560524 0.653225 0.056646 0.019223
5 0.578474 0.625034 0.056647 0.019224
5 0.519878 0.558362 0.052388 0.017144
5 0.549186 0.511622 0.056647 0.019224
5 0.578389 0.466669 0.053270 0.017195
5 0.669973 0.448423 0.043095 0.014020
4 0.677239 0.438551 0.051659 0.015061
3 0.685785 0.425470 0.142797 0.086342
2 0.664022 0.362351 0.035673 0.011726
2 0.609411 0.353203 0.035673 0.011726
2 0.541353 0.341774 0.067248 0.016914
2 0.471581 0.330443 0.035673 0.011726
2 0.425997 0.322463 0.023909 0.009367
2 0.374704 0.313933 0.040254 0.012611
