2 0.19693518518518519 0.24795833333333334 0.05787962962962963 0.012291666666666668
2 0.2699444444444445 0.24903124999999998 0.029953703703703705 0.010734374999999999
2 0.33581481481481484 0.25058854166666666 0.04377777777777778 0.012364583333333333
2 0.42937962962962967 0.25299479166666666 0.0859537037037037 0.011994791666666667
2 0.5214166666666666 0.25490625 0.04075925925925926 0.011734375
2 0.5914444444444444 0.2563489583333333 0.04113888888888889 0.010921875
5 0.22575925925925924 0.3541666666666667 0.04831481481481482 0.009770833333333334
5 0.37324074074074076 0.355921875 0.04709259259259259 0.010182291666666668
5 0.5187314814814815 0.3581822916666667 0.04487962962962963 0.009015625
5 0.6609166666666666 0.36049479166666665 0.04565740740740741 0.009432291666666667
5 0.22352777777777777 0.45672916666666663 0.04778703703703704 0.009093750000000001
5 0.3724722222222222 0.45803125 0.04767592592592593 0.009604166666666667
5 0.5174722222222222 0.45886979166666664 0.046620370370370375 0.008885416666666666
0 0.196327 0.684215 0.084798 0.028962
0 0.486388 0.683155 0.475484 0.033901
3 0.228591 0.322660 0.135806 0.095018
3 0.374468 0.325282 0.133063 0.093784
3 0.518815 0.327133 0.129769 0.092549
3 0.661737 0.329524 0.127575 0.092704
3 0.223988 0.423097 0.136788 0.097567
3 0.372786 0.425475 0.132706 0.094123
3 0.518748 0.427286 0.132358 0.093130
4 0.225740 0.340663 0.065690 0.010989
4 0.374429 0.343037 0.053123 0.010180
4 0.519040 0.345112 0.064596 0.009744
4 0.661445 0.347467 0.049152 0.009629
4 0.224301 0.443272 0.066964 0.010744
4 0.372271 0.444478 0.064718 0.010536
4 0.518507 0.445340 0.051180 0.009916
1 0.438981 0.576395 0.571300 0.033890
1 0.439260 0.610976 0.571045 0.029601
1 0.438881 0.645062 0.570704 0.035458
