0 0.6073611111111111 0.5473177083333333 0.15749074074074074 0.028369791666666665
0 0.4422314814814815 0.5486458333333334 0.15505555555555556 0.026791666666666665
1 0.5203981481481481 0.6223854166666667 0.4956666666666667 0.024359375000000003
1 0.5194722222222222 0.653921875 0.5011574074074074 0.029177083333333336
1 0.518962962962963 0.682921875 0.5028611111111111 0.024140625000000002
0 0.5710185185185186 0.7138333333333333 0.4468888888888889 0.029697916666666668
0 0.3014351851851852 0.7136250000000001 0.07568518518518517 0.027203124999999998
7 0.525809 0.516100 0.355520 0.109060
1 0.521090 0.594964 0.493561 0.026767
3 0.464262 0.413455 0.107758 0.068578
3 0.581885 0.412147 0.107757 0.068577
3 0.705015 0.410618 0.107757 0.068578
3 0.346314 0.413917 0.107757 0.068577
