2 0.375891 0.296692 0.057305 0.021617
2 0.476856 0.313321 0.041842 0.014710
2 0.546099 0.325728 0.073450 0.021105
2 0.615115 0.338008 0.040931 0.014454
2 0.667531 0.347281 0.043889 0.016373
4 0.567134 0.403691 0.074132 0.022512
4 0.679355 0.424732 0.068447 0.018547
5 0.671737 0.434262 0.047299 0.014070
5 0.509943 0.489008 0.046162 0.016117
4 0.518811 0.478775 0.076633 0.022256
4 0.408750 0.456774 0.041159 0.015605
5 0.400905 0.467391 0.045934 0.014838
4 0.299826 0.436052 0.040250 0.015093
5 0.292890 0.445134 0.042751 0.015349
3 0.467496 0.372160 0.157013 0.092306
4 0.459105 0.383698 0.058926 0.018042
5 0.451832 0.393139 0.048111 0.016783
3 0.573788 0.390411 0.154030 0.089369
3 0.689776 0.411390 0.151046 0.090208
3 0.525117 0.466354 0.152910 0.091047
1 0.359899 0.621281 0.459478 0.122305
0 0.153470 0.608169 0.074964 0.036503
0 0.374631 0.659147 0.383023 0.104054
