1 0.379287 0.603167 0.509896 0.038083
1 0.379023 0.634407 0.504077 0.036298
1 0.382991 0.664755 0.506722 0.032728
0 0.173768 0.697953 0.075048 0.024992
0 0.429021 0.694085 0.421535 0.030348
2 0.117976 0.315472 0.067228 0.014347
2 0.186151 0.313175 0.041145 0.016164
2 0.243377 0.310844 0.048482 0.015273
2 0.326456 0.310381 0.094634 0.019901
2 0.414918 0.307373 0.044437 0.015736
2 0.479982 0.305984 0.052556 0.016661
3 0.158196 0.382812 0.125034 0.087935
3 0.287403 0.377721 0.128304 0.090712
3 0.419388 0.376101 0.122725 0.091175
3 0.553223 0.369621 0.124965 0.089324
4 0.288743 0.395308 0.071313 0.011107
4 0.417847 0.391605 0.059974 0.012033
4 0.554151 0.387440 0.067151 0.012959
5 0.158173 0.414052 0.055956 0.012496
5 0.292717 0.408267 0.056781 0.012959
5 0.419032 0.404564 0.057604 0.012959
5 0.553226 0.400630 0.067357 0.013422
