1 0.405549 0.514962 0.482603 0.092502
1 0.378947 0.574591 0.483032 0.101449
1 0.365898 0.604393 0.480067 0.099063
0 0.150568 0.597136 0.077077 0.034417
0 0.396752 0.639958 0.421418 0.094616
2 0.315441 0.228014 0.048343 0.014452
2 0.374158 0.233021 0.030908 0.010710
2 0.428437 0.237936 0.037897 0.011444
2 0.508302 0.246328 0.077331 0.015714
2 0.591167 0.254185 0.039125 0.011884
2 0.654223 0.259944 0.038342 0.011738
2 0.310740 0.292528 0.145490 0.092245
2 0.691729 0.334925 0.161776 0.097717
4 0.425177 0.321898 0.046237 0.012655
4 0.551622 0.336154 0.046237 0.012655
4 0.683512 0.351219 0.060836 0.016066
4 0.384369 0.411450 0.076647 0.015884
5 0.676815 0.363367 0.047694 0.012862
5 0.379410 0.422891 0.042513 0.011520
5 0.257351 0.406933 0.042513 0.011520
5 0.544849 0.348133 0.047694 0.012862
5 0.419397 0.333876 0.047694 0.012862
2 0.559701 0.319735 0.155479 0.096164
2 0.432646 0.306713 0.152173 0.094182
4 0.303683 0.308847 0.035395 0.011238
5 0.298688 0.319901 0.041910 0.012092
4 0.264257 0.396474 0.044589 0.012628
2 0.271237 0.380776 0.143047 0.093133
2 0.393667 0.395348 0.149339 0.095208
1 0.392709 0.543940 0.482602 0.093916
5 0.600884 0.543677 0.064136 0.021558
5 0.587335 0.572792 0.064136 0.021558
5 0.574567 0.603887 0.064136 0.021558
5 0.559063 0.637182 0.064136 0.021558
4 0.236404 0.491762 0.062572 0.020678
4 0.219001 0.518380 0.052013 0.018038
4 0.212744 0.544337 0.060616 0.018918
4 0.204531 0.576454 0.071567 0.021118
