2 0.211876 0.261267 0.061444 0.013930
2 0.285552 0.262227 0.033319 0.011568
2 0.350437 0.263925 0.045092 0.011903
2 0.444664 0.265522 0.090206 0.014058
2 0.541022 0.266818 0.041997 0.011769
2 0.611504 0.267899 0.042777 0.011654
4 0.241239 0.354586 0.066763 0.010783
4 0.390462 0.357199 0.054885 0.010029
4 0.538406 0.358547 0.064967 0.011344
4 0.683491 0.359964 0.051797 0.010217
4 0.238984 0.458710 0.068180 0.012102
4 0.391115 0.459764 0.066331 0.009620
4 0.537771 0.460274 0.054988 0.011652
5 0.239917 0.368792 0.052296 0.010254
5 0.390119 0.370159 0.051445 0.011165
5 0.538996 0.371725 0.050679 0.011794
5 0.683013 0.373558 0.048107 0.010364
5 0.239785 0.472293 0.052706 0.010375
5 0.390714 0.473311 0.050110 0.009620
5 0.538257 0.474034 0.051249 0.009881
3 0.242393 0.336160 0.141328 0.096599
3 0.392143 0.338454 0.133314 0.094774
3 0.538284 0.340266 0.133324 0.093386
3 0.682613 0.342037 0.130362 0.092789
3 0.238737 0.438651 0.139703 0.097941
3 0.390801 0.440727 0.136188 0.095220
1 0.452146 0.571393 0.569022 0.034669
1 0.453498 0.608950 0.572271 0.034962
1 0.455466 0.644139 0.575009 0.032037
0 0.211198 0.705578 0.087019 0.029388
0 0.508042 0.703514 0.486195 0.036105
3 0.537254 0.441893 0.135257 0.094436
1 0.454870 0.671992 0.576640 0.023271
