2 0.391937 0.233041 0.084688 0.011052
2 0.483738 0.231516 0.039973 0.010671
2 0.554030 0.230182 0.040311 0.010290
3 0.204945 0.308974 0.129404 0.093559
4 0.205792 0.326886 0.061314 0.008956
5 0.207147 0.340224 0.045054 0.009718
3 0.344156 0.307285 0.130380 0.093217
4 0.345093 0.325206 0.061041 0.009789
5 0.345628 0.338006 0.046583 0.008885
3 0.484100 0.305007 0.130339 0.092780
4 0.484446 0.323043 0.085356 0.009732
5 0.484907 0.336085 0.045215 0.008564
3 0.625974 0.302930 0.129417 0.093040
4 0.626435 0.321162 0.073128 0.009343
5 0.626435 0.334657 0.045907 0.008565
3 0.212055 0.406837 0.129606 0.090047
4 0.213338 0.424611 0.037214 0.009745
5 0.214140 0.437514 0.042668 0.009564
3 0.350324 0.404852 0.128324 0.090408
4 0.350003 0.423439 0.037214 0.009564
5 0.350484 0.435800 0.044593 0.009022
3 0.487791 0.403589 0.129928 0.090408
4 0.488754 0.421815 0.083731 0.009203
5 0.488272 0.434897 0.044913 0.009023
1 0.430034 0.610304 0.525069 0.026729
0 0.207295 0.641710 0.074841 0.025392
0 0.473196 0.642044 0.439538 0.027842
