1 0.517326 0.594725 0.491881 0.028790
1 0.517246 0.622485 0.497748 0.028578
1 0.517391 0.653055 0.502620 0.032797
1 0.518043 0.684995 0.510550 0.029062
4 0.347172 0.596823 0.060991 0.011233
4 0.338883 0.624325 0.048847 0.011772
4 0.343295 0.650873 0.061795 0.009009
4 0.347368 0.683218 0.073502 0.009551
5 0.721197 0.593208 0.058914 0.011713
5 0.725627 0.620923 0.058914 0.011712
5 0.728137 0.650981 0.058914 0.011712
5 0.732247 0.685183 0.058914 0.011713
0 0.298990 0.713697 0.071967 0.025618
3 0.701768 0.409503 0.117509 0.072553
3 0.580178 0.412489 0.117510 0.072553
3 0.460061 0.413610 0.111784 0.070989
3 0.338819 0.415396 0.111784 0.069867
3 0.335257 0.494155 0.111653 0.073570
2 0.637206 0.357015 0.035396 0.007698
2 0.579969 0.358407 0.032911 0.008345
4 0.580060 0.426050 0.065638 0.007861
4 0.460169 0.428258 0.063595 0.008038
4 0.702386 0.423930 0.074750 0.008744
4 0.334390 0.508416 0.053860 0.007949
5 0.338630 0.439785 0.041612 0.007067
4 0.339572 0.429848 0.073018 0.007949
5 0.459530 0.438012 0.041612 0.007066
5 0.580431 0.435975 0.041612 0.007066
5 0.702430 0.433849 0.041612 0.007066
5 0.333291 0.519633 0.043026 0.006978
5 0.567733 0.713493 0.443959 0.030835
