2 0.586042 0.372808 0.042006 0.013529
2 0.646848 0.381478 0.039633 0.012195
3 0.306671 0.394737 0.154640 0.089187
4 0.298188 0.408867 0.059377 0.015782
5 0.291990 0.419052 0.045674 0.013396
3 0.431134 0.413455 0.151705 0.090289
4 0.422325 0.427494 0.060356 0.016333
5 0.416126 0.437771 0.045348 0.013030
3 0.554944 0.431531 0.150073 0.091206
4 0.547930 0.445386 0.081235 0.019820
5 0.542547 0.456397 0.046327 0.013947
3 0.681690 0.449424 0.151051 0.091757
4 0.673860 0.463830 0.072100 0.018168
5 0.669456 0.475299 0.047632 0.014681
3 0.256919 0.476340 0.161241 0.095462
5 0.242018 0.502455 0.048623 0.015705
3 0.384437 0.495397 0.159045 0.095109
3 0.512112 0.514896 0.157162 0.096697
4 0.505681 0.529453 0.081561 0.019586
5 0.499407 0.541452 0.047055 0.014293
1 0.347233 0.702575 0.544658 0.111052
0 0.101387 0.699265 0.091490 0.038823
0 0.372112 0.743805 0.466009 0.101421
