7 0.454855 0.496696 0.372206 0.155653
2 0.664543 0.363202 0.034474 0.013203
2 0.611071 0.354661 0.035207 0.012955
2 0.542269 0.342579 0.067628 0.018636
2 0.473688 0.331226 0.034034 0.011800
2 0.427185 0.323428 0.024939 0.010809
2 0.376207 0.314723 0.042396 0.014193
0 0.365935 0.509659 0.147902 0.048134
0 0.506523 0.537338 0.151640 0.050466
4 0.470691 0.469325 0.074774 0.022775
0 0.154327 0.628083 0.075506 0.034903
0 0.376038 0.677174 0.383882 0.103019
3 0.362411 0.369480 0.135437 0.080672
3 0.466237 0.388533 0.141481 0.083256
3 0.573818 0.407654 0.142556 0.084329
3 0.684955 0.426866 0.144255 0.086340
4 0.352088 0.381695 0.040047 0.012852
4 0.457471 0.400973 0.032604 0.011047
4 0.565357 0.420558 0.070212 0.017798
4 0.676515 0.440215 0.052114 0.014873
5 0.670162 0.450251 0.039663 0.013285
5 0.558553 0.430013 0.039663 0.013285
5 0.449984 0.410269 0.039663 0.013285
5 0.344381 0.390949 0.039663 0.013285
