2 0.164231 0.325245 0.046781 0.008632
2 0.227226 0.323853 0.023762 0.008354
2 0.285023 0.322530 0.035891 0.008771
2 0.368579 0.320519 0.076136 0.010026
2 0.453077 0.319034 0.035207 0.009283
2 0.517991 0.317549 0.036088 0.008045
3 0.195689 0.391314 0.120244 0.085043
3 0.324794 0.388461 0.122070 0.085984
3 0.455175 0.385702 0.121253 0.086597
3 0.586237 0.383403 0.121797 0.086904
3 0.202167 0.481375 0.120671 0.084173
3 0.330647 0.478824 0.120167 0.084457
3 0.460513 0.476841 0.120922 0.084173
4 0.196895 0.407448 0.054404 0.007498
4 0.325967 0.405066 0.055303 0.008208
4 0.455669 0.402685 0.077281 0.008917
4 0.586633 0.400405 0.066832 0.008816
4 0.202632 0.497873 0.033295 0.007851
4 0.331358 0.495839 0.033464 0.007946
4 0.461009 0.493664 0.077185 0.007946
5 0.197080 0.419365 0.040480 0.007768
5 0.325979 0.417177 0.041749 0.008215
5 0.455990 0.414855 0.041115 0.007679
5 0.586794 0.412489 0.041114 0.008126
5 0.203619 0.509829 0.039991 0.007899
5 0.332216 0.507983 0.040449 0.008328
5 0.461271 0.505751 0.041823 0.007985
1 0.396608 0.590621 0.488132 0.034322
1 0.398969 0.622083 0.486317 0.033504
1 0.400784 0.652114 0.484863 0.029010
1 0.401511 0.675711 0.483410 0.021042
0 0.197941 0.703393 0.071913 0.024924
0 0.449816 0.701758 0.417309 0.029827
