5 0.683171 0.601047 0.048389 0.013362
5 0.366595 0.452016 0.033107 0.009764
5 0.484664 0.386221 0.032484 0.007630
5 0.588560 0.389455 0.035959 0.007952
5 0.691058 0.393423 0.034422 0.007590
4 0.485946 0.377138 0.028044 0.007693
4 0.588253 0.380833 0.064081 0.009293
4 0.693210 0.385111 0.044565 0.007996
7 0.525030 0.458183 0.303556 0.102376
4 0.530285 0.433884 0.054073 0.011944
0 0.589927 0.486590 0.132514 0.026891
0 0.454861 0.481564 0.130193 0.026239
0 0.538411 0.621438 0.354381 0.036682
0 0.324669 0.611648 0.059410 0.019972
1 0.507251 0.593372 0.420399 0.036943
4 0.360176 0.587367 0.051056 0.012009
3 0.374822 0.429690 0.105019 0.068886
3 0.386219 0.360491 0.101742 0.066544
3 0.486131 0.365072 0.101742 0.066543
3 0.589035 0.368868 0.101742 0.066543
3 0.695131 0.372776 0.101742 0.066543
