2 0.2082962962962963 0.4785625 0.023083333333333334 0.025869791666666666
2 0.20644444444444446 0.5157291666666667 0.028638888888888887 0.028593749999999998
2 0.20610185185185184 0.5616197916666666 0.02562962962962963 0.04615625
2 0.20274074074074075 0.6069270833333333 0.02123148148148148 0.027390625000000002
2 0.20100925925925925 0.6381718749999999 0.024703703703703703 0.016968749999999998
2 0.20181481481481484 0.6748177083333334 0.01937962962962963 0.034270833333333334
3 0.3288888888888889 0.44529687500000004 0.14850925925925926 0.06741145833333334
3 0.32449074074074075 0.51709375 0.14434259259259258 0.06647916666666667
3 0.321712962962963 0.5905208333333333 0.1480462962962963 0.06749479166666666
3 0.31939814814814815 0.6605624999999999 0.14341666666666666 0.066953125
3 0.47574999999999995 0.6601041666666667 0.14362962962962963 0.06473958333333334
4 0.35574074074074075 0.44646875 0.017037037037037035 0.03590625
4 0.35424074074074074 0.5178125 0.016342592592592593 0.048380208333333334
4 0.3513425925925926 0.58915625 0.022129629629629628 0.02440625
4 0.34555555555555556 0.6605000000000001 0.015185185185185184 0.026463541666666666
4 0.5034166666666667 0.6607604166666667 0.016083333333333335 0.032192708333333334
5 0.3766851851851852 0.44822395833333334 0.01958333333333333 0.030307291666666666
5 0.3756481481481481 0.5180729166666667 0.02907407407407407 0.028072916666666666
5 0.37333333333333335 0.5894791666666667 0.01888888888888889 0.028958333333333332
5 0.37148148148148147 0.660109375 0.02074074074074074 0.03349479166666667
5 0.5240092592592592 0.6621927083333333 0.015620370370370371 0.032453125
0 0.8631018518518518 0.538625 0.04842592592592592 0.22543229166666665
0 0.859287037037037 0.67540625 0.044953703703703704 0.03934895833333333