2 0.378130 0.296682 0.055462 0.021486
2 0.427899 0.306083 0.030853 0.013843
2 0.474177 0.314554 0.047014 0.015908
2 0.544698 0.326123 0.076397 0.022107
2 0.615402 0.337796 0.048851 0.016115
2 0.669027 0.346887 0.042973 0.016942
3 0.364356 0.351639 0.146183 0.090079
3 0.467015 0.372816 0.150958 0.092352
3 0.578856 0.392340 0.151326 0.090492
3 0.689596 0.411140 0.150958 0.091732
3 0.309629 0.426636 0.149121 0.090492
3 0.418165 0.447916 0.157569 0.092558
4 0.351868 0.364448 0.042606 0.014876
4 0.462576 0.384148 0.044987 0.015933
4 0.569941 0.403829 0.047278 0.015230
4 0.681784 0.424448 0.058525 0.018042
4 0.300851 0.438507 0.051444 0.017573
4 0.409049 0.458365 0.079144 0.023548
5 0.346040 0.375278 0.046513 0.015094
5 0.453251 0.394470 0.044213 0.014376
5 0.562634 0.414883 0.045236 0.015526
5 0.674189 0.433284 0.049581 0.015526
5 0.295181 0.448379 0.044980 0.015238
5 0.402393 0.469511 0.047791 0.016676
0 0.157500 0.612899 0.085611 0.036866
0 0.378287 0.661056 0.387914 0.105069
