2 0.142500 0.446993 0.055656 0.022749
2 0.205673 0.429211 0.035277 0.016020
2 0.261721 0.413991 0.046235 0.018264
2 0.344120 0.392844 0.078554 0.029157
2 0.422106 0.372818 0.042219 0.019225
2 0.478583 0.357598 0.039787 0.018904
3 0.226336 0.503906 0.176958 0.108854
3 0.351388 0.467744 0.176959 0.107810
3 0.585579 0.404384 0.163938 0.106051
4 0.241500 0.519895 0.064195 0.024351
4 0.366916 0.484810 0.074287 0.028517
5 0.253088 0.531430 0.050134 0.019866
5 0.376428 0.496986 0.049564 0.018904
1 0.623944 0.711719 0.436777 0.163021
0 0.681819 0.726248 0.360051 0.140982
0 0.472228 0.799740 0.079641 0.040104
