2 0.129915 0.299319 0.048236 0.009135
2 0.194713 0.297736 0.024118 0.009044
2 0.253801 0.296198 0.036499 0.008682
2 0.339179 0.293757 0.077659 0.009587
2 0.425280 0.291722 0.037303 0.009135
2 0.491524 0.289913 0.036338 0.008411
3 0.163912 0.366387 0.124444 0.087369
4 0.164957 0.383561 0.057346 0.008619
5 0.165886 0.395707 0.042952 0.008619
3 0.295786 0.363580 0.125372 0.088022
4 0.296947 0.380819 0.057114 0.009142
5 0.297411 0.392572 0.043183 0.008881
3 0.428239 0.360119 0.125140 0.088674
4 0.429400 0.377684 0.080564 0.010448
5 0.429864 0.389830 0.042023 0.008880
3 0.562318 0.356854 0.124908 0.088675
4 0.562550 0.374223 0.069186 0.009795
5 0.563131 0.387022 0.043416 0.009011
3 0.303060 0.456033 0.125257 0.086878
3 0.435218 0.453197 0.124196 0.087177
5 0.304785 0.485216 0.042195 0.008807
4 0.435881 0.470587 0.079879 0.009404
5 0.436544 0.482604 0.044053 0.008060
1 0.372491 0.569333 0.497372 0.037747
1 0.374823 0.600217 0.495578 0.033710
1 0.377156 0.628073 0.494501 0.032903
1 0.379137 0.654315 0.492721 0.027654
0 0.172444 0.685703 0.073565 0.025434
0 0.428472 0.682776 0.424166 0.032903
