7 0.516942 0.428136 0.359209 0.348820
6 0.574849 0.322709 0.135420 0.023161
6 0.433700 0.326692 0.135420 0.023161
6 0.438036 0.429496 0.135420 0.023161
6 0.582309 0.425774 0.138281 0.023193
6 0.507383 0.375897 0.280290 0.027483
6 0.512526 0.452197 0.286719 0.027302
6 0.441007 0.507885 0.139181 0.023685
6 0.588545 0.503908 0.140467 0.023324
0 0.438596 0.576682 0.150431 0.027664
0 0.599956 0.573337 0.155573 0.030014
5 0.727083 0.576592 0.053680 0.011210
5 0.724672 0.549380 0.053357 0.012114
0 0.313076 0.615013 0.069108 0.023686
0 0.563152 0.609498 0.414970 0.031822
