2 0.181867 0.235561 0.057765 0.012916
2 0.253255 0.238380 0.030676 0.010828
2 0.318895 0.240418 0.041628 0.011616
2 0.413125 0.243673 0.085945 0.012865
2 0.505456 0.247027 0.039874 0.011680
2 0.576160 0.249115 0.041744 0.010266
3 0.206092 0.309807 0.141954 0.095958
3 0.354234 0.314154 0.138212 0.095026
3 0.499211 0.318638 0.134220 0.093745
3 0.642870 0.323204 0.131458 0.093163
3 0.198699 0.410496 0.143058 0.099529
3 0.347344 0.414844 0.138639 0.094871
3 0.494376 0.418881 0.138640 0.093939
4 0.205532 0.328345 0.067663 0.012494
4 0.352733 0.332382 0.056616 0.011250
4 0.497956 0.336731 0.068768 0.012180
4 0.641690 0.340884 0.051644 0.010779
4 0.197044 0.430229 0.070700 0.011626
4 0.346292 0.433277 0.069366 0.012673
4 0.492376 0.437625 0.057996 0.012051
5 0.203186 0.341605 0.051772 0.010838
5 0.351661 0.345916 0.048869 0.011037
5 0.497022 0.349826 0.049759 0.010434
5 0.640474 0.353855 0.049328 0.010874
5 0.196050 0.444425 0.054624 0.012340
5 0.344573 0.447313 0.053340 0.011698
5 0.491736 0.450641 0.050203 0.010333
1 0.405900 0.604474 0.576723 0.041066
1 0.404233 0.638921 0.577342 0.034392
0 0.447645 0.676116 0.485102 0.034308
