3 0.692477 0.423983 0.142964 0.085154
3 0.582561 0.405011 0.141620 0.083549
3 0.475641 0.385894 0.140209 0.082756
3 0.371823 0.367204 0.139928 0.080376
3 0.320479 0.438058 0.139645 0.083470
0 0.167844 0.622389 0.075293 0.034331
0 0.386432 0.670625 0.380911 0.103170
4 0.684094 0.437096 0.052719 0.014950
4 0.574680 0.417919 0.068840 0.018258
4 0.466628 0.398956 0.032023 0.011335
4 0.362116 0.379993 0.040193 0.012683
4 0.310595 0.451035 0.050213 0.015011
5 0.355581 0.388908 0.037143 0.012437
5 0.459713 0.408270 0.037143 0.012437
5 0.567818 0.427569 0.038558 0.012805
5 0.677723 0.447466 0.039864 0.013264
5 0.304167 0.460739 0.037203 0.013238
2 0.385910 0.313195 0.042666 0.013534
2 0.482571 0.329504 0.034232 0.012288
2 0.436775 0.321472 0.025140 0.010709
2 0.551126 0.341037 0.067487 0.018191
2 0.619345 0.352535 0.034781 0.012769
2 0.671822 0.361631 0.035513 0.013249
