1 0.497834 0.532191 0.489173 0.037611
1 0.499093 0.559983 0.491856 0.037588
1 0.501651 0.589509 0.495044 0.039481
0 0.291727 0.626518 0.069607 0.025902
3 0.544469 0.621247 0.418386 0.035942
3 0.304903 0.411803 0.109216 0.078285
3 0.421470 0.327389 0.109215 0.078285
3 0.541578 0.322945 0.109215 0.078285
3 0.662845 0.318807 0.110991 0.078285
4 0.420895 0.341671 0.066882 0.008919
4 0.303429 0.345751 0.072379 0.008831
4 0.663999 0.333630 0.073419 0.009697
4 0.542500 0.337310 0.063450 0.009610
5 0.664576 0.343988 0.041419 0.007421
5 0.542620 0.348382 0.041418 0.007421
5 0.422152 0.352351 0.040173 0.007543
5 0.303225 0.356137 0.040173 0.007543
5 0.305522 0.437602 0.040173 0.007543
4 0.305767 0.426776 0.051907 0.008273
4 0.326139 0.537232 0.058210 0.009217
4 0.321073 0.564397 0.045706 0.009156
4 0.327810 0.589985 0.059396 0.009580
5 0.702878 0.527593 0.059926 0.012440
5 0.704988 0.554463 0.059925 0.012440
5 0.709595 0.584141 0.059926 0.012440
2 0.597393 0.264179 0.034877 0.008762
2 0.539068 0.266036 0.035385 0.008667
2 0.462372 0.268655 0.070939 0.010857
2 0.386666 0.271540 0.033733 0.008744
2 0.334955 0.273473 0.024005 0.007971
2 0.276530 0.275852 0.044520 0.008506
