7 0.4853518518518518 0.5489166666666667 0.2841574074074074 0.21535416666666668
6 0.4426388888888889 0.5489895833333333 0.0507037037037037 0.19384895833333332
6 0.5130092592592592 0.5487604166666666 0.04988888888888889 0.19339583333333332
0 0.8572222222222222 0.6770312500000001 0.04799074074074074 0.042703124999999995
2 0.1368888888888889 0.4708125 0.015657407407407408 0.022859375
2 0.13630555555555557 0.50846875 0.01715740740740741 0.021546875
2 0.1361388888888889 0.5585416666666667 0.017814814814814815 0.045432291666666666
2 0.13605555555555554 0.6089375 0.016657407407407405 0.022015625
2 0.1358888888888889 0.6434114583333332 0.016990740740740744 0.015270833333333334
2 0.13555555555555557 0.6813020833333333 0.016657407407407405 0.028666666666666667
3 0.26253703703703707 0.43278125 0.1577037037037037 0.07025520833333333
3 0.26178703703703704 0.5104375 0.15753703703703703 0.07081770833333333
3 0.26178703703703704 0.58734375 0.15753703703703703 0.07025520833333333
3 0.26087962962962963 0.664390625 0.1577037037037037 0.06922395833333334
4 0.29126851851851854 0.665046875 0.01599074074074074 0.020328125
4 0.2919074074074074 0.5876145833333334 0.014675925925925926 0.02684375
4 0.29256481481481483 0.5101145833333333 0.014888888888888887 0.027026041666666667
4 0.29283333333333333 0.432890625 0.01412962962962963 0.033749999999999995
5 0.3160925925925926 0.432890625 0.01587037037037037 0.024703125
5 0.31527777777777777 0.510421875 0.015546296296296296 0.024213541666666668
5 0.31516666666666665 0.5879166666666666 0.01662962962962963 0.024640625000000003
5 0.31446296296296294 0.6652916666666666 0.017175925925925928 0.024947916666666667