2 0.12775 0.4945729166666667 0.02864814814814815 0.03185416666666666
2 0.1260185185185185 0.5353854166666667 0.022861111111111113 0.031453125
2 0.12625 0.5847916666666666 0.027953703703703706 0.0534375
2 0.12439814814814815 0.6360208333333334 0.02425 0.026994791666666667
2 0.1228888888888889 0.67071875 0.023555555555555555 0.022166666666666668
2 0.11861111111111111 0.7082135416666666 0.017305555555555557 0.03465104166666667
3 0.2542407407407407 0.45688020833333337 0.15893518518518518 0.07495833333333332
3 0.25123148148148144 0.536359375 0.1575462962962963 0.07636458333333333
3 0.2501851851851852 0.6149270833333333 0.1577777777777778 0.07334895833333334
3 0.4232037037037037 0.6172708333333333 0.1542777777777778 0.07282812500000001
3 0.24775925925925923 0.693890625 0.15524074074074073 0.07371354166666667
3 0.42088888888888887 0.6959062500000001 0.15890740740740741 0.07384375
4 0.2858425925925926 0.45688541666666665 0.02537962962962963 0.03850520833333334
4 0.28375925925925927 0.5369479166666667 0.016583333333333332 0.034578125
4 0.28109259259259256 0.6172760416666667 0.018203703703703705 0.03116666666666667
4 0.2782037037037037 0.6948697916666667 0.01473148148148148 0.024890625
4 0.45399074074074075 0.6172083333333334 0.016787037037037038 0.04795833333333333
4 0.4514537037037037 0.6955833333333333 0.016324074074074074 0.03283333333333333
5 0.3093333333333333 0.4592291666666667 0.01912962962962963 0.032776041666666665
5 0.31060185185185185 0.5376666666666666 0.02399074074074074 0.03210416666666667
5 0.3042407407407407 0.6176666666666667 0.018203703703703705 0.03455208333333334
5 0.30041666666666667 0.6932395833333334 0.02213888888888889 0.02814583333333333
5 0.4765648148148149 0.6168177083333333 0.017944444444444443 0.03416145833333333
5 0.47355555555555556 0.6950625 0.016555555555555556 0.03179166666666667
1 0.7357962962962963 0.5804114583333334 0.04566666666666667 0.309
1 0.7921574074074074 0.579953125 0.05885185185185186 0.30678645833333335
0 0.8562777777777778 0.555484375 0.05282407407407407 0.25784375
0 0.853037037037037 0.7114635416666667 0.04634259259259259 0.043765625