2 0.392651 0.301093 0.067898 0.026374
2 0.446539 0.310503 0.039846 0.017273
2 0.492051 0.317288 0.043868 0.016451
2 0.563337 0.331580 0.078962 0.025704
2 0.632429 0.343506 0.046061 0.019946
2 0.686715 0.353891 0.050082 0.021385
3 0.484009 0.376099 0.157193 0.096646
3 0.591851 0.395839 0.153537 0.096235
3 0.702252 0.418356 0.159387 0.094384
3 0.321150 0.428329 0.163408 0.097469
3 0.429357 0.452491 0.159021 0.098497
3 0.542500 0.473671 0.163043 0.097674
4 0.475236 0.389773 0.059953 0.022003
4 0.585453 0.410542 0.085177 0.026527
4 0.699145 0.431002 0.069823 0.021385
4 0.316214 0.442517 0.052642 0.019740
4 0.423508 0.463286 0.053738 0.020974
4 0.532264 0.485700 0.085543 0.026321
5 0.361545 0.380417 0.052642 0.019741
5 0.465914 0.399746 0.055200 0.018096
5 0.577594 0.419692 0.057760 0.018507
5 0.691650 0.440461 0.054834 0.020563
5 0.307075 0.453416 0.059953 0.021797
5 0.412541 0.474185 0.050814 0.018095
5 0.526598 0.496804 0.050814 0.017273
5 0.164322 0.616687 0.083714 0.038247
0 0.386220 0.667992 0.395176 0.107133
