3 0.29174074074074074 0.39035416666666667 0.11537037037037036 0.07193229166666668
2 0.27316666666666667 0.33596354166666664 0.049277777777777775 0.009130208333333334
2 0.334037037037037 0.33522395833333335 0.026314814814814815 0.009635416666666667
2 0.38520370370370366 0.3342291666666667 0.034722222222222224 0.00803125
3 0.6627592592592593 0.3891614583333334 0.12076851851851853 0.07598958333333333
3 0.4136296296296297 0.3903802083333333 0.11837962962962963 0.07464583333333333
3 0.5377592592592593 0.38940625 0.12098148148148148 0.07574479166666667
2 0.6006944444444444 0.3342291666666667 0.03477777777777778 0.007635416666666667
2 0.542537037037037 0.3337395833333333 0.03735185185185186 0.007578125000000001
3 0.2753888888888889 0.4729010416666667 0.10801851851851851 0.06817708333333333
2 0.4639722222222222 0.3344739583333334 0.0773611111111111 0.009520833333333334
4 0.27864814814814814 0.576453125 0.0639074074074074 0.009302083333333332
4 0.2703333333333333 0.6047708333333334 0.05496296296296296 0.009125
4 0.2708333333333333 0.6318385416666668 0.06331481481481481 0.009192708333333332
0 0.3790648148148148 0.5296822916666667 0.14902777777777776 0.026052083333333333
4 0.2714814814814815 0.6655260416666666 0.07665740740740741 0.009932291666666667
5 0.662324074074074 0.58203125 0.05750925925925926 0.00978125
0 0.546413 0.531354 0.159509 0.027543
5 0.661223 0.611063 0.055271 0.012520
5 0.660823 0.643389 0.055271 0.012520
5 0.660423 0.676758 0.055271 0.012520
0 0.222108 0.695153 0.075118 0.026499
0 0.492810 0.701100 0.450707 0.036307
