2 0.141408 0.309447 0.048545 0.010042
2 0.204806 0.307360 0.023559 0.009035
2 0.263437 0.305478 0.035875 0.008885
2 0.348037 0.302993 0.076032 0.010542
2 0.432369 0.300433 0.034804 0.009035
2 0.497827 0.298325 0.035606 0.008132
3 0.305069 0.372417 0.125561 0.088549
3 0.436653 0.367899 0.124223 0.087344
3 0.568774 0.364511 0.124490 0.089001
4 0.437858 0.384841 0.078977 0.010391
4 0.569175 0.381001 0.067466 0.008734
5 0.438125 0.396662 0.043103 0.008132
5 0.569978 0.393500 0.041764 0.008734
3 0.184323 0.465886 0.124681 0.086224
3 0.313457 0.462773 0.125491 0.085769
3 0.444616 0.459282 0.122792 0.085769
4 0.186078 0.483343 0.034274 0.008501
4 0.315212 0.480003 0.034544 0.008197
4 0.445425 0.476360 0.077994 0.009108
5 0.187562 0.495259 0.041020 0.008956
5 0.316562 0.491692 0.042640 0.008805
5 0.446100 0.488277 0.042640 0.008349
1 0.383636 0.574366 0.490967 0.039161
1 0.387262 0.606287 0.489517 0.038958
1 0.389981 0.636372 0.487704 0.034674
1 0.391794 0.660032 0.485528 0.026108
0 0.187648 0.689810 0.072883 0.025292
0 0.440927 0.685833 0.419171 0.034062
