2 0.303880 0.262137 0.045420 0.008783
2 0.361325 0.261726 0.024047 0.008845
2 0.413887 0.261361 0.045419 0.008782
2 0.495091 0.261229 0.072337 0.008752
2 0.575853 0.260882 0.037257 0.007818
2 0.638564 0.260912 0.045419 0.008783
3 0.319562 0.323734 0.117890 0.081892
3 0.439678 0.326029 0.120832 0.083810
3 0.563721 0.327490 0.126324 0.084851
3 0.695340 0.329250 0.128739 0.086973
3 0.303246 0.411470 0.117035 0.083867
3 0.425242 0.415363 0.121041 0.086660
0 0.248956 0.632006 0.073356 0.030099
0 0.499922 0.652850 0.421542 0.059633
4 0.561517 0.344294 0.047660 0.008665
4 0.692966 0.346368 0.058592 0.008696
4 0.302402 0.428514 0.047660 0.008665
4 0.422282 0.432387 0.073508 0.010054
5 0.558890 0.356527 0.042044 0.009684
5 0.691562 0.358422 0.043097 0.009971
5 0.419581 0.444680 0.043096 0.009971
5 0.298920 0.439704 0.043097 0.009971
