7 0.513381 0.448218 0.328580 0.313696
6 0.436257 0.358950 0.122245 0.021171
6 0.563329 0.354193 0.122232 0.022140
6 0.572878 0.447144 0.124058 0.022233
6 0.443422 0.451067 0.122896 0.021486
6 0.509894 0.470778 0.254345 0.026998
6 0.448819 0.520827 0.123893 0.022093
6 0.579605 0.516646 0.127713 0.022047
0 0.590654 0.578606 0.139515 0.027247
0 0.446211 0.582405 0.139514 0.027247
5 0.699798 0.556317 0.048850 0.009823
5 0.703775 0.580561 0.047855 0.008984
0 0.336466 0.617058 0.062863 0.021242
0 0.558400 0.612433 0.367796 0.030950
