3 0.201893 0.284677 0.135506 0.093491
3 0.350646 0.288668 0.127732 0.094446
3 0.497910 0.291678 0.127287 0.092434
3 0.643027 0.295161 0.122385 0.091368
4 0.200467 0.304023 0.051573 0.008906
5 0.199884 0.318177 0.048785 0.009231
4 0.495758 0.310168 0.085782 0.008865
4 0.640304 0.312638 0.060695 0.007240
5 0.495730 0.323309 0.044434 0.007374
5 0.639887 0.326678 0.045498 0.008560
2 0.171861 0.209774 0.053093 0.010049
2 0.246100 0.212175 0.028089 0.009272
2 0.311509 0.214093 0.041251 0.008681
2 0.407213 0.217464 0.085444 0.010527
2 0.500250 0.219606 0.040097 0.009534
2 0.570445 0.221541 0.040319 0.008816
