3 0.216667 0.347396 0.146296 0.094792
3 0.356481 0.361198 0.138889 0.094271
3 0.493056 0.372917 0.136111 0.092708
3 0.628241 0.384896 0.132407 0.091667
3 0.190741 0.444271 0.146296 0.095833
4 0.212060 0.364583 0.048102 0.011458
4 0.353241 0.377877 0.034259 0.009920
4 0.490694 0.390216 0.079829 0.015585
4 0.626181 0.401892 0.055206 0.013152
4 0.187342 0.461453 0.060564 0.012443
5 0.210292 0.377909 0.046645 0.010351
5 0.349239 0.389448 0.045630 0.011052
5 0.487530 0.402247 0.043742 0.011331
5 0.623234 0.413785 0.042019 0.010013
5 0.183877 0.474422 0.048687 0.012902
2 0.207262 0.276350 0.053506 0.013686
2 0.275669 0.283377 0.028069 0.010743
2 0.337266 0.288605 0.040912 0.013036
2 0.424538 0.298667 0.082677 0.016401
2 0.511613 0.305675 0.041390 0.011940
2 0.576795 0.311955 0.039641 0.012041
1 0.347538 0.674667 0.565974 0.060384
0 0.101542 0.694477 0.088094 0.032220
