2 0.190699 0.242416 0.063531 0.014828
2 0.262038 0.244747 0.035269 0.012266
2 0.327891 0.246570 0.046974 0.012298
2 0.420077 0.250066 0.089456 0.013709
2 0.512785 0.253252 0.044284 0.012854
2 0.582692 0.255534 0.044144 0.011179
3 0.215398 0.315554 0.140141 0.095626
3 0.363175 0.320587 0.138740 0.094381
3 0.506854 0.324418 0.133834 0.094515
3 0.648843 0.328671 0.130331 0.092941
3 0.207459 0.415981 0.140141 0.098194
3 0.356104 0.421024 0.138038 0.094680
3 0.500716 0.423782 0.133601 0.093892
4 0.212905 0.334133 0.068044 0.011009
4 0.360498 0.337745 0.054390 0.011664
4 0.505231 0.342444 0.066541 0.011211
4 0.648002 0.346680 0.054919 0.012457
4 0.205594 0.435659 0.070771 0.011438
4 0.355110 0.438663 0.069836 0.011207
4 0.500479 0.442232 0.055589 0.011424
5 0.212612 0.346877 0.052281 0.010882
5 0.359855 0.351704 0.049601 0.010683
5 0.504468 0.356038 0.053922 0.011470
5 0.647009 0.360011 0.050014 0.010878
5 0.204701 0.449042 0.052221 0.011604
5 0.353405 0.452572 0.050711 0.011110
5 0.499968 0.455970 0.050918 0.011668
1 0.412106 0.641273 0.575643 0.039486
0 0.457341 0.679839 0.478264 0.034539
