4 0.31972222222222224 0.3178125 0.05496296296296296 0.009583333333333333
4 0.46620370370370373 0.32147916666666665 0.06625 0.01015625
4 0.6110648148148149 0.3251614583333333 0.0502962962962963 0.009343750000000001
4 0.16443518518518518 0.41718229166666665 0.06531481481481483 0.009869791666666666
4 0.3143611111111111 0.41978645833333333 0.06337037037037037 0.009489583333333333
4 0.4623333333333333 0.42303125 0.051638888888888894 0.009916666666666666
5 0.3193796296296296 0.33114062499999997 0.048740740740740744 0.009166666666666667
5 0.4662962962962963 0.33453125 0.047712962962962964 0.009833333333333333
5 0.6101574074074074 0.3383802083333334 0.04833333333333334 0.009734375
5 0.16278703703703704 0.4307708333333334 0.05179629629629629 0.009348958333333332
5 0.31392592592592594 0.43368749999999995 0.049249999999999995 0.008822916666666668
5 0.4622777777777778 0.43632291666666667 0.048574074074074075 0.010015625
3 0.171800 0.295712 0.137999 0.096586
3 0.320981 0.299580 0.134513 0.094799
3 0.467095 0.303234 0.131255 0.094417
3 0.611329 0.307155 0.130949 0.093801
3 0.165491 0.396753 0.138157 0.098253
3 0.316155 0.401026 0.139054 0.095461
3 0.463048 0.403715 0.135547 0.095100
1 0.378881 0.553813 0.579394 0.038514
1 0.377324 0.588953 0.579115 0.032548
1 0.375130 0.622385 0.578976 0.033937
0 0.126905 0.660314 0.085957 0.028501
0 0.418700 0.662497 0.477780 0.032414
2 0.143955 0.219505 0.056719 0.011807
2 0.217866 0.222404 0.029777 0.010411
2 0.284151 0.224602 0.044215 0.011118
2 0.378941 0.227259 0.087141 0.012477
2 0.473012 0.230595 0.043055 0.012168
2 0.543645 0.232711 0.040734 0.011261
4 0.170438 0.313639 0.067035 0.011249
5 0.167879 0.327883 0.053731 0.010957
