0 0.8822222222222221 0.5722395833333334 0.045509259259259256 0.22410416666666666
0 0.8785185185185185 0.70875 0.04303703703703703 0.039947916666666666
3 0.35633333333333334 0.48268229166666665 0.15094444444444446 0.06814062500000001
3 0.3536574074074074 0.5535625 0.1497037037037037 0.06522395833333333
3 0.5080740740740741 0.5548333333333333 0.14371296296296296 0.06545833333333334
3 0.3477962962962963 0.6257135416666666 0.14826851851851852 0.067171875
3 0.5067314814814815 0.6261197916666668 0.14309259259259258 0.06451041666666667
3 0.34419444444444447 0.6964791666666666 0.14724074074074076 0.06633854166666667
3 0.5038518518518518 0.6960156249999999 0.1455648148148148 0.06541145833333334
2 0.2351574074074074 0.515203125 0.019694444444444445 0.024385416666666666
2 0.23392592592592593 0.552640625 0.01723148148148148 0.021713541666666666
2 0.23022222222222222 0.5970729166666667 0.018055555555555554 0.04577083333333333
2 0.22980555555555554 0.6431354166666666 0.01723148148148148 0.022145833333333333
2 0.22744444444444442 0.6784322916666666 0.018666666666666668 0.020979166666666667
2 0.226 0.7136666666666667 0.01990740740740741 0.030109375
4 0.3845277777777778 0.4795 0.02213888888888889 0.04210416666666667
4 0.3828796296296296 0.5523489583333333 0.018851851851851852 0.05006770833333333
4 0.3775277777777778 0.6254270833333333 0.01637962962962963 0.03534375
4 0.374037037037037 0.6976979166666666 0.0135 0.03520833333333333
4 0.5377037037037037 0.5559375000000001 0.021907407407407407 0.050296875
4 0.5337962962962963 0.6268177083333334 0.018203703703703705 0.024234375
4 0.5286481481481482 0.6979843750000001 0.02026851851851852 0.025369791666666665
5 0.4086018518518519 0.4829739583333333 0.016787037037037038 0.025901041666666666
5 0.4042777777777778 0.5529270833333333 0.02049074074074074 0.025765625
5 0.5582777777777779 0.5546041666666667 0.013675925925925925 0.027963541666666664
5 0.39944444444444444 0.6262395833333334 0.016990740740740744 0.025395833333333333
5 0.5570462962962963 0.6278020833333334 0.019435185185185184 0.029677083333333333
5 0.39563888888888893 0.6963072916666667 0.019666666666666666 0.027802083333333335
5 0.5527222222222222 0.6975833333333333 0.01490740740740741 0.02803125