2 0.199375 0.253628 0.061444 0.013930
2 0.273407 0.255181 0.034781 0.012217
2 0.341198 0.256591 0.045092 0.011903
2 0.437055 0.259411 0.090206 0.014058
2 0.532325 0.262234 0.041997 0.011769
2 0.603895 0.263315 0.042777 0.011654
4 0.227248 0.348216 0.068885 0.011301
4 0.379236 0.351196 0.054885 0.010029
4 0.528394 0.354303 0.064967 0.011344
4 0.674471 0.357021 0.052084 0.010939
4 0.222397 0.454194 0.068180 0.012102
4 0.375652 0.455586 0.067781 0.012191
4 0.526200 0.457114 0.054988 0.011652
5 0.225885 0.361896 0.054180 0.010807
5 0.378072 0.364771 0.051445 0.011165
5 0.527717 0.367758 0.052432 0.013096
5 0.673731 0.370386 0.050540 0.010715
5 0.221253 0.467532 0.054500 0.010473
5 0.375173 0.469332 0.053244 0.011378
5 0.525528 0.471338 0.051249 0.009881
3 0.227700 0.330025 0.141328 0.096599
3 0.380104 0.332459 0.137440 0.097219
3 0.528147 0.335722 0.134924 0.096355
3 0.674713 0.338287 0.130580 0.094536
3 0.222997 0.433095 0.143143 0.100485
3 0.376988 0.435916 0.137779 0.097972
1 0.435853 0.561317 0.576123 0.023271
1 0.435438 0.592296 0.577592 0.035553
1 0.434263 0.628210 0.577936 0.029735
1 0.434695 0.664231 0.580185 0.034044
0 0.187982 0.703091 0.087331 0.029146
0 0.485529 0.703195 0.487029 0.033743
3 0.526084 0.438417 0.134588 0.095448
