0 0.8452685185185185 0.5516666666666666 0.045037037037037035 0.22804166666666664
3 0.30800925925925926 0.45809374999999997 0.15041666666666664 0.06767708333333333
3 0.3073518518518519 0.5311510416666666 0.15174074074074073 0.067953125
3 0.4631574074074074 0.5347916666666667 0.14060185185185184 0.06780208333333333
3 0.4628888888888889 0.606734375 0.1453611111111111 0.064359375
3 0.30060185185185184 0.6055416666666668 0.14618518518518517 0.06792708333333333
3 0.29874999999999996 0.6765885416666666 0.14777777777777779 0.06269791666666666
3 0.46381481481481485 0.6744322916666667 0.1498611111111111 0.059875
2 0.18725925925925926 0.49447395833333335 0.027962962962962964 0.025859375
2 0.1864722222222222 0.5298854166666667 0.021083333333333332 0.025249999999999998
2 0.18435185185185185 0.576234375 0.027435185185185184 0.048
2 0.1817037037037037 0.6220625 0.02213888888888889 0.0265625
2 0.1825 0.6573958333333334 0.018435185185185186 0.021343749999999998
2 0.18012037037037038 0.6913177083333333 0.01897222222222222 0.029661458333333335
4 0.33870370370370373 0.46010416666666665 0.021324074074074075 0.037473958333333335
4 0.33552777777777776 0.5315208333333333 0.025555555555555557 0.04935416666666667
4 0.3339444444444445 0.6041302083333334 0.02237962962962963 0.033859375000000004
4 0.328787037037037 0.6764427083333333 0.02 0.035619791666666664
4 0.493712962962963 0.53509375 0.013888888888888888 0.05054166666666667
4 0.49173148148148155 0.6059895833333333 0.01786111111111111 0.024187499999999997
4 0.4873703703703704 0.6790468749999999 0.022351851851851852 0.030411458333333332
5 0.36118518518518516 0.46159374999999997 0.01867592592592593 0.028546875000000003
5 0.3605277777777778 0.5336822916666667 0.02 0.028374999999999997
5 0.3547037037037037 0.6048020833333333 0.018935185185185183 0.027755208333333333
5 0.3495462962962963 0.6778541666666666 0.016555555555555556 0.02803125
5 0.5152777777777777 0.5354687499999999 0.017324074074074075 0.03194270833333333
5 0.5139537037037037 0.607703125 0.01997222222222222 0.035046875000000005
5 0.5094537037037037 0.6763645833333333 0.01626851851851852 0.031005208333333333