7 0.355199 0.476392 0.394786 0.135894
0 0.266535 0.511395 0.173532 0.033554
0 0.443050 0.515970 0.166482 0.032944
0 0.375875 0.687817 0.442551 0.030395
0 0.103677 0.686804 0.084244 0.027548
3 0.163832 0.341666 0.142657 0.097798
3 0.304956 0.348875 0.137363 0.094977
3 0.441344 0.356398 0.129841 0.094977
3 0.573553 0.363999 0.129561 0.092313
4 0.161603 0.359219 0.064084 0.012539
4 0.303563 0.366507 0.072164 0.012695
4 0.439706 0.373860 0.058352 0.012706
4 0.571843 0.380425 0.056845 0.010799
5 0.570149 0.392972 0.041787 0.009635
5 0.438106 0.387095 0.044233 0.010800
5 0.301827 0.379631 0.046117 0.010905
5 0.159693 0.372569 0.047466 0.011132
2 0.141109 0.268124 0.053741 0.014028
2 0.211905 0.272469 0.027675 0.010770
2 0.275300 0.276723 0.040225 0.012581
2 0.364358 0.282605 0.079645 0.014029
2 0.451244 0.287900 0.036524 0.011042
2 0.516247 0.292109 0.035881 0.010589
