3 0.2265925925925926 0.3236822916666667 0.13870370370370372 0.099328125
3 0.37897222222222227 0.32358333333333333 0.13975925925925925 0.09566145833333332
3 0.5319722222222222 0.32503645833333333 0.13435185185185183 0.09422916666666666
3 0.6812592592592592 0.3253697916666667 0.1338611111111111 0.09402604166666667
3 0.2278148148148148 0.4309895833333333 0.14267592592592593 0.09715104166666667
2 0.19150925925925927 0.24676562500000002 0.056101851851851854 0.009932291666666667
2 0.2672685185185185 0.247140625 0.027398148148148147 0.009203125000000001
2 0.335787037037037 0.24774479166666669 0.04131481481481481 0.008359375
2 0.4344537037037037 0.24865104166666668 0.08618518518518518 0.008687499999999999
2 0.531425925925926 0.24965625 0.040185185185185185 0.008932291666666667
2 0.605037037037037 0.24968229166666667 0.038620370370370374 0.008104166666666668
4 0.22543518518518518 0.34353645833333335 0.051537037037037034 0.007713541666666667
4 0.379537037037037 0.3441458333333333 0.03747222222222222 0.008151041666666668
4 0.5309814814814815 0.34427604166666664 0.08618518518518518 0.007244791666666667
4 0.6807777777777778 0.34465104166666666 0.06143518518518518 0.006817708333333334
4 0.22639814814814813 0.4507760416666667 0.0666574074074074 0.007333333333333333
5 0.22508333333333333 0.3575989583333333 0.048046296296296295 0.0071875
5 0.37939814814814815 0.3578541666666667 0.046935185185185184 0.007833333333333333
5 0.5314814814814814 0.3585260416666667 0.046907407407407405 0.008010416666666667
5 0.6806481481481482 0.35866145833333335 0.04575925925925926 0.007052083333333333
5 0.22685185185185186 0.46519791666666666 0.04881481481481481 0.00765625
1 0.456233 0.662009 0.590676 0.042291
0 0.536903 0.694879 0.418917 0.041495
