2 0.374423 0.257239 0.030119 0.011440
2 0.429641 0.262741 0.039129 0.011149
2 0.512270 0.271937 0.081418 0.016586
2 0.595558 0.281035 0.039829 0.012502
2 0.658381 0.288399 0.040929 0.012873
3 0.307063 0.314669 0.155475 0.091155
3 0.436961 0.328347 0.153315 0.090140
4 0.430798 0.342864 0.061892 0.015457
5 0.425019 0.353771 0.048280 0.012713
3 0.566778 0.342576 0.151004 0.092307
4 0.561899 0.357599 0.088343 0.018634
5 0.557276 0.368866 0.048794 0.013145
3 0.699677 0.357166 0.151261 0.092018
4 0.694284 0.372333 0.073705 0.014590
5 0.689661 0.384107 0.050078 0.012712
3 0.265367 0.398718 0.160314 0.094794
4 0.258391 0.414337 0.041856 0.013388
5 0.252373 0.425802 0.048969 0.013850
3 0.397914 0.413721 0.157852 0.095871
4 0.391075 0.429726 0.041856 0.013696
5 0.384235 0.442190 0.050611 0.014927
3 0.530187 0.429957 0.155937 0.094486
4 0.524032 0.446037 0.087818 0.018928
5 0.518834 0.457886 0.050611 0.013696
1 0.378381 0.625573 0.556186 0.097290
0 0.130568 0.627481 0.090599 0.036791
0 0.407692 0.665225 0.474308 0.090477
