2 0.074336 0.272088 0.081734 0.011890
2 0.162764 0.270502 0.038754 0.010702
2 0.230819 0.269459 0.038980 0.010180
3 0.089127 0.343161 0.004767 0.090080
4 0.058147 0.361213 0.000000 0.009294
5 0.029391 0.373903 0.042895 0.008579
3 0.163478 0.340927 0.127414 0.090616
4 0.164908 0.359068 0.082613 0.010366
5 0.164908 0.371758 0.045755 0.009651
3 0.302143 0.338919 0.128378 0.091546
4 0.301555 0.356353 0.073149 0.010080
5 0.301939 0.369250 0.046191 0.009723
3 0.094154 0.439586 0.005546 0.088244
4 0.034201 0.457636 0.035655 0.008170
5 0.034730 0.470040 0.043049 0.008914
3 0.168895 0.437357 0.125449 0.090027
4 0.169291 0.455407 0.082401 0.009062
5 0.169819 0.468258 0.045954 0.008616
0 0.380162 0.678461 0.001319 0.030178
