0 0.8581481481481481 0.541625 0.04962037037037037 0.22421875
0 0.8564999999999999 0.6767447916666666 0.04633333333333333 0.037286458333333335
2 0.20542592592592593 0.4826197916666667 0.021962962962962962 0.029828125
2 0.20172222222222225 0.5183229166666666 0.022787037037037036 0.025994791666666666
2 0.20182407407407407 0.5657656249999999 0.020935185185185185 0.0468125
2 0.19791666666666666 0.6115364583333334 0.02051851851851852 0.023765625000000002
2 0.19822222222222224 0.6439947916666667 0.01990740740740741 0.018088541666666666
2 0.19596296296296295 0.6776145833333334 0.022787037037037036 0.028609375
3 0.32330555555555557 0.44929166666666664 0.14662037037037037 0.065015625
3 0.3192962962962963 0.522078125 0.14476851851851852 0.06476041666666667
3 0.47854629629629636 0.52271875 0.14226851851851852 0.06719270833333332
3 0.4759722222222222 0.5956197916666667 0.1391851851851852 0.06485416666666667
3 0.31796296296296295 0.5927864583333334 0.14414814814814816 0.06496874999999999
3 0.31250925925925926 0.6630885416666668 0.14517592592592593 0.06321354166666666
3 0.4725740740740741 0.6651718750000001 0.1426851851851852 0.06275
4 0.3513981481481481 0.450625 0.019666666666666666 0.0410625
4 0.34903703703703703 0.5213854166666666 0.021111111111111112 0.044859375
4 0.3477962962962963 0.5919791666666666 0.01863888888888889 0.033265625
4 0.34193518518518523 0.6632083333333333 0.017203703703703704 0.03335416666666667
4 0.5046759259259259 0.524046875 0.017583333333333333 0.047864583333333335
4 0.5034444444444445 0.5927291666666666 0.015120370370370369 0.024354166666666666
4 0.5025185185185186 0.6647708333333333 0.015324074074074075 0.02375
5 0.3746481481481482 0.450390625 0.02089814814814815 0.026713541666666667
5 0.37084259259259256 0.5226614583333333 0.015342592592592593 0.031203124999999998
5 0.3680648148148148 0.5933697916666667 0.01596296296296296 0.031411458333333336
5 0.367037037037037 0.6643072916666667 0.01801851851851852 0.027453125000000002
5 0.5272037037037037 0.5254375 0.015324074074074075 0.0275
5 0.5235 0.592328125 0.01613888888888889 0.027015624999999998
5 0.524425925925926 0.665578125 0.015935185185185188 0.023057291666666667