2 0.3133611111111111 0.2640416666666667 0.035416666666666666 0.008526041666666668
2 0.3646851851851852 0.2645677083333334 0.028148148148148148 0.008942708333333334
2 0.41797222222222224 0.2639166666666667 0.03572222222222222 0.0080625
2 0.6423611111111112 0.2639166666666667 0.03813888888888889 0.007963541666666666
2 0.5781296296296297 0.2639166666666667 0.04000925925925926 0.008515625
4 0.31953703703703706 0.3431927083333333 0.03233333333333333 0.007604166666666666
2 0.495287037037037 0.263828125 0.0744537037037037 0.007463541666666667
4 0.43901851851851853 0.344484375 0.04432407407407407 0.008286458333333333
4 0.3043888888888889 0.430140625 0.042666666666666665 0.008770833333333334
5 0.43728703703703703 0.3566875 0.04155555555555556 0.007963541666666666
4 0.5636759259259259 0.3462604166666667 0.04613888888888889 0.008781249999999999
5 0.5620648148148147 0.3588854166666666 0.044000000000000004 0.00821875
5 0.42274074074074075 0.446359375 0.04187962962962963 0.008447916666666666
5 0.6922777777777778 0.360734375 0.04492592592592593 0.008572916666666668
5 0.3172777777777778 0.354734375 0.04069444444444445 0.00809375
5 0.3029814814814815 0.4418958333333334 0.04155555555555556 0.00815625
4 0.6941388888888889 0.3485625 0.05962037037037037 0.008645833333333333
4 0.42438888888888887 0.434 0.07301851851851852 0.008869791666666666
3 0.427091 0.418171 0.124525 0.086822
3 0.307506 0.413987 0.121699 0.085972
3 0.320222 0.326447 0.117553 0.084583
3 0.441445 0.329034 0.117553 0.084583
3 0.566000 0.329906 0.125905 0.087416
3 0.697937 0.332504 0.131783 0.088483
0 0.252740 0.633477 0.068796 0.027927
0 0.500116 0.654037 0.419206 0.058647
