3 0.155341 0.294453 0.132117 0.088132
3 0.298394 0.300179 0.131253 0.087578
3 0.439331 0.304878 0.127898 0.089019
3 0.583223 0.308777 0.122383 0.087666
3 0.144851 0.392414 0.132588 0.092728
2 0.129169 0.225086 0.053351 0.013899
2 0.202201 0.229196 0.027992 0.008361
2 0.265009 0.231910 0.039915 0.009468
2 0.357389 0.235565 0.082385 0.011522
2 0.446395 0.238797 0.039963 0.008690
2 0.514112 0.241346 0.037956 0.008532
4 0.153900 0.312882 0.051375 0.009245
4 0.298431 0.317330 0.036804 0.009106
4 0.440971 0.321616 0.082469 0.010694
4 0.581239 0.326399 0.059143 0.009172
4 0.143323 0.409872 0.065394 0.010179
5 0.152115 0.325328 0.046744 0.008717
5 0.297511 0.329804 0.048004 0.009967
5 0.441318 0.334708 0.044363 0.007716
5 0.580499 0.339147 0.043719 0.008073
5 0.141329 0.423192 0.047532 0.008067
1 0.350745 0.584491 0.585856 0.035529
1 0.347360 0.618396 0.588370 0.034058
0 0.093499 0.653579 0.089316 0.030147
0 0.390671 0.656170 0.478844 0.035504
