2 0.135663 0.304082 0.047881 0.009268
2 0.198474 0.301838 0.023683 0.008833
2 0.257295 0.300173 0.035267 0.009557
2 0.341731 0.297566 0.076970 0.010426
2 0.426681 0.295104 0.036296 0.009267
2 0.491938 0.293222 0.036555 0.009267
3 0.170286 0.370474 0.123820 0.088184
3 0.300156 0.366564 0.123048 0.087315
3 0.431057 0.362510 0.123821 0.087315
3 0.563115 0.358745 0.124336 0.088184
3 0.178397 0.461058 0.123465 0.085782
3 0.308533 0.457453 0.122681 0.085635
3 0.438669 0.454437 0.123465 0.086370
4 0.170924 0.386878 0.055900 0.008707
4 0.300892 0.383008 0.056115 0.008708
4 0.431503 0.379621 0.078260 0.009917
4 0.563620 0.375933 0.067294 0.008828
4 0.309599 0.474678 0.034400 0.007982
4 0.439888 0.471292 0.077399 0.008707
5 0.171742 0.398840 0.041398 0.008671
5 0.301565 0.395528 0.041919 0.008282
5 0.432255 0.391630 0.042091 0.008671
5 0.564243 0.388123 0.040705 0.008282
5 0.181181 0.490038 0.040185 0.007892
5 0.310399 0.486773 0.040186 0.007990
5 0.440569 0.483704 0.041052 0.007892
1 0.378261 0.569327 0.490579 0.038927
1 0.381742 0.601793 0.489216 0.039256
1 0.383738 0.631460 0.488603 0.033923
1 0.385658 0.655336 0.486298 0.025928
0 0.181690 0.685153 0.072215 0.025929
0 0.435594 0.681048 0.420230 0.034139
