2 0.407013 0.308443 0.035425 0.014115
2 0.455907 0.316330 0.037269 0.015775
2 0.523988 0.327954 0.080444 0.022417
2 0.592623 0.338436 0.039852 0.013907
2 0.646867 0.346946 0.042805 0.016397
3 0.449633 0.373411 0.144281 0.088008
3 0.554800 0.392092 0.142067 0.087593
3 0.665687 0.410357 0.148340 0.089253
3 0.291330 0.425717 0.145756 0.089253
3 0.398895 0.445851 0.147602 0.089668
4 0.544617 0.404240 0.047227 0.016260
4 0.655961 0.422675 0.059831 0.017584
4 0.282014 0.439030 0.049412 0.017395
4 0.387980 0.458599 0.073781 0.022500
5 0.276384 0.448956 0.047898 0.015693
5 0.383526 0.468998 0.047394 0.016449
5 0.538752 0.414184 0.046394 0.014622
5 0.650312 0.433071 0.043144 0.014419
5 0.543294 0.633597 0.057378 0.019768
5 0.526978 0.661434 0.056302 0.020575
1 0.362213 0.598603 0.456003 0.116511
1 0.344512 0.623867 0.450191 0.112349
0 0.141081 0.611384 0.077145 0.036261
0 0.361421 0.659236 0.386784 0.101055
5 0.328396 0.651509 0.068163 0.023778
