2 0.176755 0.227986 0.057240 0.012337
2 0.248973 0.230548 0.029634 0.010264
2 0.314788 0.232824 0.042526 0.011273
2 0.409071 0.236335 0.086734 0.012624
2 0.502844 0.239560 0.040944 0.011407
2 0.572710 0.241739 0.039992 0.010652
3 0.201377 0.302512 0.142447 0.095750
3 0.351165 0.307462 0.137190 0.095602
3 0.495695 0.311526 0.133511 0.094568
3 0.639831 0.316219 0.131146 0.094499
3 0.193832 0.403625 0.140849 0.100174
3 0.343819 0.408378 0.139246 0.096169
3 0.489654 0.412135 0.136573 0.094065
4 0.200244 0.321107 0.064705 0.011023
4 0.348881 0.325045 0.052672 0.010628
4 0.495742 0.329584 0.063246 0.011060
4 0.639645 0.334107 0.050756 0.010090
4 0.193213 0.423747 0.066618 0.010802
4 0.342778 0.426953 0.066273 0.011164
4 0.489416 0.430583 0.052157 0.011647
5 0.199006 0.334418 0.050346 0.010692
5 0.348140 0.338873 0.047668 0.010543
5 0.494883 0.342791 0.047145 0.009952
5 0.638564 0.346825 0.048247 0.010645
5 0.191064 0.437148 0.051284 0.010057
5 0.341048 0.440518 0.049295 0.010027
5 0.489171 0.444211 0.048877 0.009466
1 0.404347 0.561363 0.580186 0.041559
1 0.402188 0.595893 0.580010 0.035601
1 0.400465 0.630869 0.580689 0.039498
0 0.150241 0.666143 0.084913 0.029278
0 0.453325 0.669647 0.469919 0.034898
