0 0.192783 0.665954 0.067878 0.028919
1 0.404799 0.649722 0.485396 0.063942
3 0.385157 0.368190 0.120144 0.081666
3 0.267329 0.365827 0.117351 0.080457
3 0.507020 0.371306 0.126331 0.084439
3 0.632408 0.374786 0.127824 0.085373
4 0.382733 0.384304 0.051831 0.008703
4 0.504916 0.387386 0.075756 0.009779
4 0.631264 0.390359 0.065431 0.010128
4 0.488674 0.476060 0.073099 0.010059
5 0.380711 0.395146 0.040716 0.008471
5 0.501705 0.398327 0.040717 0.008471
5 0.485914 0.488177 0.040716 0.008471
5 0.247631 0.476782 0.040716 0.008471
5 0.628273 0.402669 0.041631 0.008411
2 0.579523 0.308562 0.039423 0.008725
2 0.5180462962962963 0.30731770833333333 0.03654629629629629 0.008531249999999999
2 0.4401388888888889 0.3063125 0.07147222222222221 0.009104166666666667
2 0.36362037037037037 0.3052395833333333 0.03425 0.008817708333333334
2 0.31083333333333335 0.30390625 0.02436111111111111 0.008432291666666668
3 0.491728 0.459929 0.125589 0.084343
4 0.227604 0.633754 0.045518 0.011657
5 0.605961 0.663612 0.056805 0.014311
3 0.370846 0.454966 0.122579 0.083841
4 0.367604 0.471472 0.034890 0.009035
4 0.264395 0.380630 0.048670 0.009698
5 0.264125 0.391462 0.040716 0.008471
0 0.435654 0.685760 0.411482 0.060047
5 0.364840 0.482244 0.040717 0.008471
3 0.251355 0.450361 0.119467 0.083524
2 0.25389814814814815 0.30383333333333334 0.04190740740740741 0.008619791666666666