0 0.8695648148148148 0.574265625 0.04571296296296296 0.21890104166666668
1 0.8163796296296297 0.5946302083333334 0.04839814814814815 0.268890625
2 0.22312037037037036 0.5173489583333333 0.020314814814814817 0.021729166666666667
2 0.2220925925925926 0.5533333333333333 0.02237037037037037 0.026578125
2 0.21766666666666667 0.5988125 0.019703703703703706 0.04577604166666667
2 0.21550925925925926 0.6474166666666666 0.017435185185185182 0.027244791666666667
2 0.2152037037037037 0.6807447916666667 0.02299074074074074 0.024458333333333335
2 0.21087962962962964 0.7156354166666666 0.018462962962962966 0.030578125
3 0.3435740740740741 0.48273958333333333 0.14806481481481482 0.06594791666666668
3 0.3391574074074074 0.5546614583333334 0.1453888888888889 0.06742708333333333
3 0.4958240740740741 0.5555885416666667 0.14803703703703702 0.06465104166666666
3 0.49130555555555555 0.627625 0.14721296296296296 0.06405208333333333
3 0.3341111111111111 0.6280312499999999 0.1455925925925926 0.066015625
3 0.33102777777777775 0.6981614583333333 0.15176851851851852 0.06275520833333333
3 0.4894537037037037 0.6997239583333333 0.14762037037037037 0.062406249999999996
4 0.36773148148148144 0.5554739583333334 0.01997222222222222 0.045421874999999994
4 0.3632685185185185 0.627578125 0.019472222222222224 0.035265624999999995
4 0.3618425925925926 0.6994375 0.018287037037037036 0.036947916666666664
4 0.524287037037037 0.556421875 0.016583333333333332 0.04352604166666666
4 0.5208333333333334 0.6283802083333333 0.01809259259259259 0.024567708333333334
4 0.5187314814814815 0.7001510416666666 0.022305555555555554 0.027953125000000002
4 0.3720277777777778 0.4830364583333333 0.01677777777777778 0.039749999999999994
5 0.3918888888888889 0.48252083333333334 0.016092592592592592 0.026401041666666666
5 0.3899537037037037 0.5551875000000001 0.017277777777777777 0.024958333333333336
5 0.5467592592592593 0.5580260416666667 0.02011111111111111 0.0230625
5 0.3850648148148148 0.629796875 0.017611111111111112 0.026447916666666668
5 0.5437222222222222 0.6292291666666666 0.01674074074074074 0.0253125
5 0.3843981481481481 0.6998593750000001 0.023 0.022640625
5 0.5400185185185186 0.6987239583333333 0.016074074074074074 0.02415625