2 0.169784 0.246045 0.060777 0.012640
2 0.245061 0.248166 0.031075 0.011101
2 0.313417 0.249376 0.043952 0.010611
2 0.412206 0.251693 0.091851 0.012348
2 0.509271 0.254347 0.043969 0.012830
2 0.583264 0.255591 0.042234 0.010730
3 0.198971 0.324491 0.141037 0.098423
3 0.353601 0.327343 0.140672 0.098355
3 0.504805 0.330247 0.139119 0.097304
3 0.654324 0.333025 0.134455 0.097249
3 0.195587 0.430344 0.142546 0.099086
4 0.353316 0.346320 0.081956 0.011547
4 0.504910 0.349115 0.079981 0.011507
4 0.198308 0.343937 0.093805 0.012203
4 0.194606 0.450831 0.068922 0.011436
4 0.654238 0.351677 0.090373 0.011574
5 0.198580 0.358403 0.055607 0.011581
5 0.352008 0.360536 0.050632 0.010498
5 0.503416 0.362810 0.050534 0.009544
5 0.652856 0.365817 0.048663 0.009126
5 0.193882 0.464795 0.050651 0.009057
1 0.412523 0.660872 0.586347 0.035360
0 0.163056 0.699367 0.087522 0.029638
0 0.460908 0.700098 0.488574 0.032467
