7 0.565818 0.447804 0.295293 0.090944
0 0.49852777777777774 0.473671875 0.12688888888888888 0.020546875000000003
0 0.633611111111111 0.47383333333333333 0.13052777777777777 0.02136979166666667
4 0.5677314814814814 0.4237447916666667 0.05291666666666667 0.008765624999999999
4 0.5167777777777778 0.36877604166666667 0.028953703703703704 0.006015625
4 0.6203055555555556 0.3682447916666666 0.06385185185185184 0.006932291666666667
4 0.7238148148148148 0.3683020833333333 0.046296296296296294 0.006380208333333333
5 0.7240092592592592 0.3773229166666667 0.0349537037037037 0.006380208333333333
5 0.6197777777777778 0.37717708333333333 0.03423148148148148 0.005651041666666666
5 0.5169722222222223 0.37759895833333335 0.03247222222222222 0.006494791666666667
1 0.565586 0.582903 0.419370 0.023559
5 0.740787037037037 0.5846197916666667 0.046768518518518515 0.009296875000000001
4 0.4176851851851852 0.5820520833333334 0.04971296296296296 0.008526041666666668
0 0.383797 0.606562 0.059999 0.020826
0 0.598104 0.609864 0.355061 0.026123
3 0.724494 0.355575 0.095833 0.063697
3 0.619592 0.355397 0.094252 0.064398
3 0.517731 0.354766 0.094252 0.064398
5 0.414245 0.377354 0.033096 0.005682
5 0.409151 0.447414 0.030453 0.005420
2 0.671896 0.306062 0.030309 0.005809
