2 0.21813888888888888 0.47953645833333336 0.02424074074074074 0.026520833333333334
2 0.21663888888888888 0.5155364583333334 0.023546296296296294 0.024296875
2 0.21501851851851853 0.5616822916666667 0.024935185185185185 0.04758854166666667
2 0.2132777777777778 0.6086822916666667 0.019148148148148147 0.024395833333333335
2 0.21108333333333335 0.6407083333333333 0.021694444444444443 0.020744791666666665
2 0.2116574074074074 0.6775520833333334 0.020537037037037038 0.03453125
3 0.3389537037037037 0.44490104166666666 0.14550925925925925 0.06663020833333334
3 0.3356018518518518 0.5172864583333333 0.1411111111111111 0.06556770833333334
3 0.3302777777777778 0.5890885416666667 0.14435185185185187 0.06463020833333334
3 0.48720370370370364 0.5913020833333333 0.14339814814814816 0.066453125
3 0.4890555555555555 0.6623177083333334 0.14710185185185184 0.06395833333333333
3 0.33339814814814817 0.6628385416666667 0.1436574074074074 0.065
0 0.8780370370370371 0.6748802083333333 0.04310185185185185 0.04091145833333333
4 0.3661574074074074 0.44464583333333335 0.017037037037037035 0.03486458333333333
4 0.3623425925925926 0.517484375 0.020972222222222222 0.030807291666666667
4 0.36303703703703705 0.58921875 0.01773148148148148 0.03104166666666667
4 0.3559722222222222 0.6608906250000001 0.015185185185185184 0.022036458333333335
4 0.5168425925925927 0.6621927083333333 0.017472222222222222 0.029848958333333335
5 0.3903425925925926 0.4463385416666667 0.016805555555555553 0.025229166666666667
5 0.38305555555555554 0.5180729166666667 0.018425925925925925 0.030677083333333334
5 0.38166666666666665 0.5893489583333333 0.015648148148148147 0.028697916666666667
5 0.5384814814814814 0.6636197916666667 0.01677777777777778 0.030109375