2 0.20182407407407407 0.5191875 0.024009259259259258 0.026395833333333334
2 0.1990462962962963 0.5532291666666667 0.027712962962962964 0.028078125
2 0.1990462962962963 0.60075 0.018453703703703705 0.04758854166666667
2 0.19812037037037036 0.6472916666666666 0.024009259259259258 0.022187500000000002
2 0.19580555555555557 0.6808802083333333 0.02123148148148148 0.02165625
2 0.1916388888888889 0.7151822916666667 0.022157407407407407 0.029067708333333334
3 0.323212962962963 0.482796875 0.15337962962962964 0.06689583333333333
3 0.3190462962962963 0.5566145833333334 0.1450462962962963 0.06608854166666667
3 0.4753981481481481 0.5577864583333334 0.14525000000000002 0.065828125
3 0.316037037037037 0.627171875 0.1436574074074074 0.06658854166666667
3 0.47297222222222224 0.6301666666666667 0.14270370370370372 0.06372395833333333
3 0.31569444444444444 0.7003385416666668 0.1462037037037037 0.06500520833333333
3 0.4703055555555556 0.6990364583333334 0.14432407407407408 0.064484375
4 0.35180555555555554 0.48435937500000004 0.018425925925925925 0.043979166666666666
4 0.34810185185185183 0.5555729166666666 0.022129629629629628 0.04838541666666667
4 0.3443981481481481 0.6275677083333334 0.022129629629629628 0.03352083333333333
4 0.3427777777777778 0.6996927083333334 0.01425925925925926 0.0319375
4 0.5048055555555556 0.5582395833333333 0.01423148148148148 0.042005208333333335
4 0.5024907407407407 0.6304947916666667 0.018861111111111113 0.027661458333333333
4 0.499712962962963 0.6998229166666667 0.018861111111111113 0.024385416666666666
5 0.37680555555555556 0.48325520833333335 0.022129629629629628 0.028489583333333336
5 0.37124999999999997 0.5587552083333333 0.022129629629629628 0.028489583333333336
5 0.526787037037037 0.5582395833333333 0.022129629629629628 0.028489583333333336
5 0.3694074074074074 0.6274895833333333 0.022129629629629628 0.028489583333333336
5 0.5230925925925927 0.6306197916666666 0.022129629629629628 0.028489583333333336
5 0.36386111111111114 0.700390625 0.022129629629629628 0.028489583333333336
5 0.5221666666666667 0.699875 0.022129629629629628 0.028489583333333336
1 0.7964444444444444 0.5986458333333334 0.04889814814814815 0.258234375
0 0.8507222222222222 0.5763229166666667 0.045879629629629624 0.21228645833333332
0 0.8466666666666667 0.7075677083333333 0.04287962962962963 0.0383125