2 0.2033888888888889 0.2606822916666667 0.06003703703703704 0.012598958333333334
2 0.27778703703703705 0.261140625 0.03208333333333333 0.0115
2 0.34299999999999997 0.26272395833333334 0.04357407407407408 0.011833333333333333
2 0.43662962962962965 0.26383854166666665 0.08954629629629629 0.012598958333333334
2 0.5307222222222222 0.265046875 0.04587037037037037 0.012213541666666666
2 0.6010648148148148 0.2655 0.04460185185185185 0.012979166666666668
4 0.2340462962962963 0.3540104166666667 0.06615740740740741 0.010729166666666668
4 0.38354629629629633 0.3546666666666667 0.05496296296296296 0.009583333333333333
4 0.5302962962962964 0.3559114583333333 0.06625 0.01015625
4 0.6745 0.35742708333333334 0.0502962962962963 0.009343750000000001
4 0.23325925925925925 0.45725520833333333 0.06531481481481483 0.009869791666666666
4 0.3841481481481481 0.45740625 0.06337037037037037 0.009489583333333333
4 0.5313055555555555 0.4573802083333333 0.051638888888888894 0.009916666666666666
5 0.2336388888888889 0.36689583333333337 0.04831481481481482 0.00940625
5 0.3830092592592592 0.36842708333333335 0.048740740740740744 0.009166666666666667
5 0.5293425925925926 0.36947916666666664 0.047712962962962964 0.009833333333333333
5 0.6741666666666667 0.3705208333333333 0.04833333333333334 0.009734375
5 0.23385185185185187 0.47095312500000003 0.05179629629629629 0.009348958333333332
5 0.3843333333333333 0.4708333333333333 0.049249999999999995 0.008822916666666668
5 0.5310648148148148 0.4711927083333334 0.048574074074074075 0.010015625
3 0.233631 0.335562 0.136082 0.093730
3 0.383176 0.336251 0.133571 0.094718
3 0.528791 0.337426 0.131311 0.093307
3 0.673661 0.338705 0.129052 0.091895
3 0.231960 0.437077 0.139471 0.097114
3 0.383631 0.438544 0.134744 0.094443
3 0.530256 0.438886 0.131925 0.093500
1 0.454524 0.590839 0.579655 0.036906
1 0.455430 0.626263 0.582211 0.033513
1 0.455304 0.661166 0.579681 0.039452
0 0.208802 0.701553 0.085848 0.029032
0 0.504550 0.698789 0.484649 0.037728
