7 0.496945 0.549990 0.288284 0.216763
6 0.482869 0.600222 0.142822 0.092875
6 0.484188 0.499264 0.141943 0.093205
0 0.595184 0.550225 0.052507 0.194138
1 0.751765 0.550917 0.049523 0.301040
0 0.869562 0.679174 0.047011 0.043369
3 0.271439 0.665483 0.159828 0.070817
3 0.272890 0.588199 0.158265 0.071445
3 0.273559 0.511103 0.159157 0.070943
3 0.274321 0.433087 0.158711 0.070566
4 0.30523148148148144 0.4333072916666667 0.014166666666666668 0.03348958333333333
4 0.30439814814814814 0.5107812500000001 0.014166666666666668 0.027083333333333334
4 0.3036574074074074 0.5882031249999999 0.015092592592592593 0.02723958333333333
4 0.30319444444444443 0.6658854166666667 0.01490740740740741 0.020104166666666666
5 0.32601851851851854 0.6661197916666667 0.015555555555555557 0.024739583333333332
5 0.3264351851851852 0.5886458333333333 0.014351851851851852 0.025
5 0.32773148148148146 0.511015625 0.014722222222222223 0.024947916666666667
5 0.32875 0.43361979166666664 0.015462962962962963 0.02484375
2 0.14916666666666667 0.47096354166666665 0.015555555555555557 0.021197916666666667
2 0.14851851851851852 0.509140625 0.01685185185185185 0.021197916666666667
2 0.14833333333333332 0.55921875 0.015925925925925927 0.04520833333333333
2 0.14800925925925926 0.6091666666666666 0.015833333333333335 0.021145833333333332
2 0.14750000000000002 0.6435416666666666 0.01574074074074074 0.0140625
2 0.14689814814814817 0.6818229166666666 0.016203703703703703 0.028854166666666667