1 0.417098 0.525810 0.493429 0.097729
0 0.165762 0.581448 0.076330 0.034479
2 0.389878 0.216267 0.030908 0.010710
2 0.443997 0.221688 0.037897 0.011444
2 0.525356 0.229203 0.077331 0.015714
2 0.605936 0.237322 0.039125 0.011884
2 0.671425 0.242869 0.038342 0.011737
2 0.327916 0.276884 0.139030 0.091805
2 0.706132 0.318304 0.161590 0.099793
4 0.438122 0.306251 0.048978 0.013297
4 0.565475 0.320649 0.048633 0.012596
4 0.697394 0.334366 0.061481 0.014810
4 0.397984 0.395777 0.076647 0.015884
5 0.691479 0.346607 0.046980 0.012862
5 0.392595 0.407549 0.042513 0.011520
5 0.559736 0.332228 0.047003 0.011962
5 0.434276 0.318220 0.046435 0.012140
2 0.573517 0.303602 0.153198 0.096037
4 0.320050 0.292329 0.035719 0.010973
5 0.313775 0.304868 0.042542 0.011901
4 0.278681 0.380864 0.044589 0.012628
2 0.288013 0.364629 0.144808 0.092884
2 0.407262 0.379873 0.147497 0.095689
5 0.601890 0.586529 0.062781 0.019282
4 0.239685 0.499851 0.060616 0.018918
0 0.409299 0.621521 0.417430 0.090998
2 0.448364 0.290430 0.147731 0.093844
4 0.222384 0.525084 0.050361 0.014990
5 0.586021 0.618056 0.062782 0.019283
2 0.331274 0.210829 0.048343 0.014452
5 0.613476 0.556976 0.062781 0.019283
4 0.215743 0.552674 0.060616 0.018918
1 0.402613 0.554233 0.491545 0.102058
1 0.388857 0.585945 0.489593 0.107604
