2 0.362672 0.308361 0.052399 0.017057
2 0.412677 0.316290 0.028993 0.013166
2 0.460820 0.324968 0.043356 0.016158
2 0.529711 0.335292 0.071018 0.020049
2 0.598867 0.347411 0.038568 0.013166
2 0.653660 0.356313 0.039100 0.014214
3 0.456565 0.382122 0.149750 0.088573
3 0.562693 0.401048 0.147090 0.087825
3 0.674673 0.420648 0.149750 0.090817
3 0.296840 0.436283 0.148419 0.090967
3 0.406825 0.456182 0.147090 0.090070
4 0.446177 0.393341 0.051271 0.016504
4 0.553444 0.413018 0.049967 0.016196
4 0.664457 0.432550 0.058859 0.017467
4 0.394863 0.468239 0.075232 0.020564
4 0.288084 0.448350 0.048556 0.016356
5 0.437588 0.403556 0.044591 0.015804
5 0.546059 0.422937 0.044870 0.014624
5 0.658863 0.442751 0.048784 0.015568
5 0.281032 0.457769 0.044031 0.015097
5 0.387127 0.478055 0.047107 0.015725
1 0.352138 0.632022 0.453797 0.120831
0 0.146047 0.622324 0.084419 0.038122
0 0.367398 0.670367 0.389988 0.103887
