2 0.21787037037037038 0.4788645833333333 0.02422222222222222 0.028098958333333333
2 0.21633333333333332 0.5145052083333334 0.019083333333333334 0.02530729166666667
2 0.21530555555555556 0.5611979166666666 0.021138888888888888 0.04577604166666667
2 0.21355555555555555 0.6076041666666666 0.019703703703703706 0.0233125
2 0.2092314814814815 0.6398906249999999 0.015175925925925926 0.017979166666666668
2 0.21025925925925928 0.674609375 0.026287037037037036 0.027223958333333336
3 0.34224074074074073 0.4457083333333333 0.14744444444444446 0.06479166666666666
3 0.3349351851851852 0.517625 0.14724074074074076 0.06627083333333333
3 0.33143518518518517 0.5898958333333333 0.1443611111111111 0.06613541666666667
3 0.32670370370370366 0.6610104166666667 0.14724074074074076 0.06368229166666667
3 0.4862592592592592 0.6602552083333334 0.1391851851851852 0.06333333333333332
4 0.3674537037037037 0.44501562499999997 0.01473148148148148 0.03563020833333333
4 0.3643611111111111 0.516296875 0.020907407407407406 0.0439375
4 0.3612777777777778 0.5889739583333333 0.018851851851851852 0.022625
4 0.3587037037037037 0.6603177083333333 0.01576851851851852 0.029890625
5 0.38843518518518516 0.4462291666666667 0.015555555555555557 0.02764583333333333
5 0.38514814814814813 0.5183802083333333 0.017203703703703704 0.02958854166666667
5 0.38308333333333333 0.5889166666666666 0.021314814814814814 0.032921875
5 0.37897222222222227 0.6625156249999999 0.021314814814814814 0.02734375
0 0.8758425925925926 0.6779062499999999 0.04797222222222222 0.041921875