2 0.446283 0.569493 0.488947 0.043426
2 0.442897 0.598891 0.495719 0.045580
2 0.437479 0.629680 0.501138 0.053331
2 0.428793 0.659971 0.500904 0.046841
3 0.544479 0.384551 0.124607 0.077710
3 0.668015 0.386820 0.121799 0.075892
3 0.422371 0.379481 0.124606 0.077710
3 0.298675 0.375803 0.124607 0.077710
3 0.281943 0.457913 0.127387 0.079210
2 0.613833 0.328931 0.039081 0.008931
2 0.556386 0.326845 0.039081 0.008931
2 0.476924 0.325702 0.072791 0.009618
2 0.401080 0.324328 0.038349 0.010168
4 0.298612 0.392340 0.073034 0.010168
4 0.420865 0.395637 0.061555 0.008519
4 0.541654 0.398180 0.065219 0.009480
4 0.667571 0.401821 0.076454 0.009893
4 0.280117 0.472533 0.053844 0.008807
5 0.297205 0.402393 0.039778 0.007617
5 0.417848 0.406383 0.039778 0.007617
5 0.540606 0.409420 0.039778 0.007617
5 0.664917 0.412617 0.039778 0.007617
5 0.277316 0.483800 0.041330 0.007935
0 0.210198 0.676268 0.076463 0.029241
0 0.473979 0.690888 0.440823 0.047941
