7 0.496628 0.432841 0.377016 0.166969
1 0.480714 0.574640 0.498324 0.056898
1 0.476601 0.603783 0.495719 0.058598
0 0.258574 0.619023 0.060841 0.026137
0 0.508667 0.639133 0.421364 0.059472
2 0.502947 0.241448 0.080041 0.009923
2 0.585815 0.241331 0.037018 0.008559
2 0.650331 0.240075 0.037019 0.008559
2 0.423051 0.241788 0.037019 0.008559
0 0.411492 0.420180 0.159175 0.080413
0 0.577038 0.425845 0.169138 0.082378
0 0.487480 0.483716 0.319989 0.041445
3 0.707105 0.310991 0.133439 0.087827
3 0.573905 0.308384 0.133439 0.087827
3 0.447347 0.307387 0.123700 0.084605
3 0.325025 0.307586 0.118191 0.083596
