2 0.3615555555555556 0.27071875 0.028148148148148148 0.008942708333333334
2 0.41182407407407406 0.2698177083333333 0.03572222222222222 0.0080625
2 0.6354814814814815 0.26953125 0.03813888888888889 0.007963541666666666
2 0.5713148148148148 0.27018749999999997 0.04000925925925926 0.008515625
5 0.6856944444444444 0.36728124999999995 0.04492592592592593 0.008572916666666668
4 0.6879259259259259 0.3549114583333333 0.05962037037037037 0.008645833333333333
3 0.307311 0.421342 0.120330 0.081142
3 0.316980 0.334919 0.118330 0.085269
3 0.690755 0.337638 0.131756 0.086529
0 0.249265 0.638760 0.068796 0.027927
0 0.494785 0.657774 0.419206 0.058647
2 0.4919907407407408 0.27020833333333333 0.07353703703703704 0.008989583333333334
2 0.3035833333333333 0.27080729166666667 0.039842592592592596 0.006932291666666667
4 0.301382 0.435851 0.044555 0.010807
5 0.297120 0.446862 0.037525 0.008393
6 0.489999 0.400881 0.290831 0.028828
6 0.475768 0.485521 0.289131 0.033319
6 0.552648 0.460997 0.144946 0.026326
6 0.404537 0.456112 0.138992 0.026640
0 0.543077 0.562513 0.158751 0.035955
0 0.382704 0.553624 0.148822 0.035064
7 0.482148 0.458544 0.385456 0.270998
