3 0.184012 0.286136 0.133485 0.089115
3 0.330761 0.290795 0.133947 0.092037
3 0.474776 0.294287 0.130044 0.089012
3 0.617737 0.296945 0.127524 0.089593
3 0.175210 0.386232 0.142949 0.093556
2 0.156779 0.214695 0.054943 0.010654
2 0.228729 0.216754 0.030512 0.009384
2 0.294329 0.219711 0.041290 0.009139
2 0.386469 0.222817 0.086419 0.011504
2 0.475754 0.225370 0.040142 0.008912
2 0.546677 0.227363 0.039670 0.009819
4 0.181681 0.303223 0.051319 0.011052
4 0.331064 0.307635 0.036985 0.008718
4 0.476413 0.311941 0.085248 0.008862
4 0.616645 0.314587 0.061924 0.008766
4 0.175889 0.404572 0.068515 0.009097
5 0.181734 0.317040 0.047192 0.009825
5 0.329856 0.319477 0.049397 0.008541
5 0.475003 0.322729 0.047112 0.009055
5 0.616684 0.326852 0.048317 0.007896
5 0.174984 0.417218 0.050284 0.008511
1 0.391677 0.580606 0.587963 0.029084
1 0.392216 0.613240 0.593447 0.028772
0 0.136844 0.651118 0.088172 0.032173
0 0.443543 0.649624 0.500983 0.033995
