4 0.424769 0.243103 0.083640 0.013002
7 0.431137 0.450640 0.487785 0.484797
6 0.326222 0.304604 0.188136 0.027673
6 0.5278888888888889 0.30420833333333336 0.1865 0.026578125
6 0.4277592592592593 0.3794166666666667 0.38605555555555554 0.026265625
6 0.33217592592592593 0.4545 0.18456481481481482 0.023911458333333333
6 0.5356481481481481 0.4535572916666667 0.1839537037037037 0.024932291666666665
6 0.435210 0.487748 0.385478 0.032077
6 0.337273 0.562864 0.194660 0.031068
6 0.537584 0.559456 0.189758 0.028555
0 0.334713 0.657479 0.202540 0.036963
0 0.550874 0.653020 0.196228 0.035226
