2 0.4190740740740741 0.284421875 0.03572222222222222 0.0080625
2 0.6384444444444445 0.2851927083333334 0.03813888888888889 0.007963541666666666
2 0.5757962962962964 0.2846614583333333 0.04000925925925926 0.008515625
5 0.6896574074074074 0.38070312500000003 0.04492592592592593 0.008572916666666668
4 0.6944166666666667 0.36844791666666665 0.05962037037037037 0.008645833333333333
0 0.495590 0.669427 0.419206 0.058647
2 0.4968425925925926 0.28491666666666665 0.07353703703703704 0.008989583333333334
7 0.487258 0.473652 0.393224 0.324034
6 0.476153 0.527508 0.289812 0.035831
6 0.552158 0.503973 0.144813 0.028734
6 0.404945 0.496942 0.137738 0.026640
0 0.541404 0.603755 0.158751 0.035955
0 0.250493 0.649657 0.068796 0.027927
3 0.688692 0.352031 0.131756 0.086529
2 0.36541666666666667 0.2852760416666667 0.0247962962962963 0.010057291666666666
2 0.3105 0.28559375000000004 0.04409259259259259 0.009911458333333335
4 0.5039166666666667 0.338125 0.0618425925925926 0.010609375
6 0.571860 0.388241 0.144701 0.025117
