2 0.101262 0.464854 0.068877 0.029157
2 0.225032 0.434394 0.061643 0.022388
2 0.166059 0.449392 0.048891 0.021771
2 0.387225 0.396281 0.053890 0.023637
2 0.444999 0.383167 0.058670 0.025110
2 0.305860 0.415974 0.097369 0.035311
3 0.180308 0.524235 0.187375 0.114131
3 0.309736 0.489816 0.176265 0.107766
3 0.430826 0.459974 0.168119 0.105800
3 0.249288 0.611870 0.181638 0.109437
3 0.379343 0.577197 0.169600 0.108195
3 0.497100 0.545384 0.163675 0.104551
3 0.547102 0.430501 0.162194 0.101433
4 0.195487 0.540889 0.064433 0.024159
4 0.322135 0.506737 0.064433 0.024159
4 0.444339 0.475916 0.064433 0.024159
4 0.560619 0.446346 0.064433 0.024159
4 0.392503 0.593802 0.064433 0.024159
4 0.269927 0.627953 0.066670 0.025809
4 0.509526 0.560486 0.064433 0.024159
5 0.204468 0.552813 0.061657 0.022180
5 0.331856 0.519493 0.061656 0.022180
5 0.274832 0.641124 0.061656 0.022180
5 0.455545 0.488259 0.061656 0.022180
5 0.402224 0.605726 0.061656 0.022180
5 0.519984 0.571989 0.061657 0.022180
5 0.571089 0.458112 0.061656 0.022512
1 0.566404 0.740886 0.449474 0.157867
0 0.407515 0.827942 0.083690 0.045402
0 0.625996 0.757547 0.366603 0.137873
