3 0.357835 0.353322 0.093662 0.065186
3 0.461965 0.351267 0.095986 0.065937
3 0.566556 0.348285 0.098328 0.066569
3 0.672638 0.345190 0.100142 0.067424
3 0.358428 0.424039 0.096923 0.067622
4 0.358019 0.366096 0.037107 0.007309
4 0.461263 0.363593 0.029967 0.007045
4 0.567382 0.360828 0.065669 0.007967
4 0.673604 0.358095 0.046238 0.007243
4 0.358253 0.437537 0.047643 0.007374
5 0.358311 0.447018 0.035585 0.006847
5 0.356696 0.375524 0.035585 0.006848
5 0.461719 0.372707 0.035585 0.006847
5 0.567329 0.370218 0.035585 0.006848
5 0.673756 0.367399 0.035585 0.006848
5 0.704279 0.555257 0.049402 0.008226
5 0.706892 0.579710 0.049402 0.008225
4 0.374711 0.560856 0.052519 0.008084
4 0.370288 0.585052 0.040427 0.007745
1 0.525315 0.557937 0.427556 0.029202
1 0.526255 0.582358 0.429951 0.027757
0 0.342913 0.611095 0.061092 0.022370
0 0.562730 0.608443 0.364391 0.028939
2 0.565489 0.297389 0.029322 0.008050
2 0.499370 0.299432 0.061705 0.008725
2 0.430609 0.301323 0.032719 0.007747
2 0.616445 0.295829 0.031110 0.007546
