7 0.512664 0.444218 0.339740 0.325781
6 0.434282 0.350322 0.124622 0.021161
6 0.565735 0.345861 0.126396 0.021161
6 0.575097 0.442237 0.127101 0.021397
6 0.442103 0.445993 0.124622 0.021161
6 0.504320 0.396434 0.258550 0.027415
6 0.509819 0.467395 0.262413 0.026579
6 0.445829 0.519168 0.129192 0.022292
6 0.581506 0.515311 0.129959 0.021980
0 0.444244 0.583590 0.141873 0.028236
0 0.593382 0.579058 0.143722 0.028384
0 0.560981 0.613723 0.384924 0.032617
0 0.328333 0.618795 0.063548 0.022685
5 0.706401 0.556737 0.049956 0.010235
5 0.709461 0.581813 0.049128 0.009770
