3 0.253882 0.409417 0.164681 0.072755
3 0.247363 0.485839 0.164681 0.073913
3 0.241703 0.562550 0.162965 0.073720
3 0.235321 0.639262 0.162965 0.073141
3 0.411186 0.567182 0.160906 0.072562
3 0.405182 0.643314 0.161936 0.071983
0 0.827150 0.665807 0.048932 0.043253
2 0.111162 0.652932 0.019162 0.029555
2 0.113326 0.615264 0.016483 0.015878
2 0.115284 0.580957 0.017514 0.021905
2 0.120023 0.531872 0.020399 0.047056
2 0.124865 0.481513 0.017307 0.022137
2 0.127028 0.444019 0.016278 0.022717
4 0.266316 0.640472 0.016278 0.020862
4 0.272498 0.563398 0.016690 0.027816
4 0.278988 0.486613 0.017720 0.027468
4 0.285685 0.409886 0.018338 0.033264
4 0.437232 0.645050 0.016896 0.028396
4 0.442899 0.567686 0.018751 0.047056
5 0.465461 0.568671 0.016071 0.025614
5 0.458867 0.645456 0.016484 0.025962
5 0.289496 0.641341 0.017307 0.025846
5 0.295369 0.564441 0.017102 0.025267
5 0.300932 0.487482 0.017514 0.025498
5 0.307732 0.410813 0.016690 0.024919
