2 0.1236388888888889 0.493578125 0.025055555555555553 0.028520833333333332
2 0.12284259259259259 0.5316666666666666 0.018185185185185186 0.027317708333333336
2 0.11980555555555554 0.5832916666666667 0.020037037037037037 0.05021875
2 0.12007407407407408 0.6340312499999999 0.015268518518518516 0.02371875
2 0.1157037037037037 0.6695156250000001 0.01976851851851852 0.021770833333333333
2 0.1150462962962963 0.7084218750000001 0.021092592592592593 0.03559895833333333
3 0.2536481481481481 0.45473958333333336 0.16074074074074074 0.072875
3 0.25021296296296297 0.5356770833333333 0.15914814814814815 0.07403645833333333
3 0.24796296296296297 0.6134947916666668 0.1572962962962963 0.07193229166666668
3 0.42030555555555554 0.6162500000000001 0.15541666666666668 0.06999479166666665
3 0.24491666666666667 0.69153125 0.15914814814814815 0.07175520833333333
3 0.4205648148148148 0.6935416666666666 0.16124074074074074 0.07130729166666666
4 0.2843425925925926 0.4560833333333333 0.021064814814814814 0.03686458333333333
4 0.2802407407407408 0.5335260416666666 0.020796296296296295 0.029552083333333333
4 0.27799074074074076 0.6143177083333333 0.018944444444444444 0.03339583333333333
4 0.27799074074074076 0.692578125 0.018944444444444444 0.02325
4 0.45231481481481484 0.61528125 0.023675925925925927 0.05169270833333333
4 0.4492685185185185 0.69503125 0.025527777777777778 0.032625
5 0.3092037037037037 0.457421875 0.017879629629629627 0.030614583333333334
5 0.30338888888888893 0.5351614583333333 0.027407407407407408 0.029848958333333335
5 0.30444444444444446 0.6157291666666667 0.018944444444444444 0.03175520833333333
5 0.3006111111111111 0.6928020833333334 0.02237962962962963 0.03113541666666667
5 0.4766481481481481 0.616921875 0.019444444444444445 0.03413541666666667
5 0.4736111111111111 0.695328125 0.017064814814814814 0.03321875
1 0.7335092592592594 0.5780677083333334 0.051666666666666666 0.304640625
1 0.791962962962963 0.5786614583333333 0.05536111111111111 0.30583333333333335
0 0.8536018518518519 0.5565677083333332 0.059055555555555556 0.2571875
0 0.8536018518518519 0.71028125 0.04847222222222222 0.04378125