2 0.175057 0.316650 0.065597 0.022017
2 0.245325 0.318665 0.043558 0.017986
2 0.301933 0.313674 0.050956 0.014876
2 0.386660 0.311294 0.088873 0.018447
2 0.473417 0.311889 0.055018 0.019637
2 0.545298 0.307507 0.050913 0.016502
3 0.477443 0.377642 0.129490 0.089258
3 0.613807 0.374072 0.129731 0.089258
3 0.342535 0.382998 0.124223 0.092828
3 0.213445 0.387163 0.120013 0.092828
4 0.478194 0.394981 0.065646 0.013746
4 0.612719 0.393315 0.066178 0.012912
5 0.481022 0.408310 0.055545 0.012912
5 0.616554 0.407477 0.065915 0.012912
1 0.418458 0.587256 0.501731 0.034989
1 0.423811 0.620162 0.502875 0.034989
1 0.426050 0.650570 0.498396 0.031657
1 0.424291 0.676603 0.493027 0.024576
0 0.219790 0.703886 0.071062 0.023326
0 0.475283 0.701803 0.423630 0.028324
