0 0.445058 0.577094 0.156862 0.029095
0 0.608406 0.573036 0.157601 0.030518
0 0.570449 0.612007 0.417620 0.034938
0 0.319306 0.615582 0.067867 0.023336
6 0.448249 0.507644 0.141143 0.024020
6 0.596700 0.503788 0.141143 0.024020
6 0.443990 0.428577 0.139676 0.023706
6 0.589232 0.425055 0.141144 0.023951
6 0.518754 0.451338 0.287861 0.029009
6 0.511621 0.374751 0.287862 0.029009
6 0.581359 0.320556 0.138271 0.023641
6 0.437638 0.325131 0.137476 0.024146
7 0.523106 0.426641 0.366894 0.352836
5 0.734074 0.549019 0.056733 0.012295
5 0.736843 0.576070 0.056733 0.012295
