2 0.373909 0.302807 0.055061 0.018756
2 0.425460 0.311691 0.028298 0.012833
2 0.473172 0.318972 0.035537 0.013573
2 0.541505 0.331003 0.072610 0.020606
2 0.611592 0.343589 0.039047 0.012956
2 0.665995 0.352473 0.041241 0.014931
3 0.465824 0.378016 0.148510 0.088720
3 0.575397 0.397512 0.147414 0.088227
3 0.686124 0.417131 0.149169 0.090447
3 0.417453 0.451126 0.149169 0.089336
3 0.309087 0.431198 0.146097 0.087979
0 0.152196 0.617805 0.082934 0.035303
0 0.376567 0.666977 0.388222 0.104396
4 0.455323 0.390059 0.051587 0.017716
4 0.566371 0.408844 0.049415 0.015578
4 0.678234 0.429538 0.061905 0.018480
4 0.298798 0.444047 0.048601 0.016952
4 0.407402 0.464894 0.080096 0.023215
5 0.449894 0.400063 0.045070 0.014509
5 0.558226 0.420222 0.048329 0.014509
5 0.671718 0.439236 0.047243 0.014661
5 0.399528 0.473752 0.046971 0.015883
5 0.292417 0.452982 0.045614 0.015273
