2 0.1350462962962963 0.27625520833333334 0.056101851851851854 0.012927083333333334
2 0.20860185185185184 0.274578125 0.03737037037037037 0.01165625
2 0.27525925925925926 0.27295833333333336 0.050527777777777776 0.012119791666666666
2 0.369287037037037 0.2733072916666667 0.09453703703703703 0.015130208333333334
2 0.46289814814814817 0.2700625 0.04719444444444444 0.013276041666666665
2 0.5372777777777777 0.26995312499999996 0.04657407407407407 0.013510416666666667
3 0.6111388888888889 0.34452604166666667 0.12762037037037038 0.09391145833333334
4 0.17351851851851852 0.3697604166666667 0.06309259259259259 0.010119791666666666
4 0.32319444444444445 0.36721354166666664 0.07643518518518519 0.009661458333333334
4 0.46722222222222226 0.3644375 0.06818518518518518 0.008734374999999999
4 0.6112407407407408 0.36252604166666663 0.059925925925925924 0.010703125
5 0.1758888888888889 0.38364583333333335 0.053425925925925925 0.010119791666666666
5 0.3205277777777778 0.3803489583333333 0.058750000000000004 0.009307291666666667
5 0.4698981481481482 0.37763020833333333 0.05296296296296297 0.01196875
5 0.6128888888888888 0.37623958333333335 0.05499074074074074 0.009192708333333332
3 0.173000 0.350419 0.140239 0.096266
3 0.321752 0.347873 0.137332 0.096729
3 0.467625 0.344865 0.136895 0.094415
0 0.186480 0.696790 0.080779 0.028232
