4 0.32966666666666666 0.31442708333333336 0.05496296296296296 0.009583333333333333
4 0.1733333333333333 0.4130625 0.06531481481481483 0.009869791666666666
4 0.32378703703703704 0.4166979166666666 0.06337037037037037 0.009489583333333333
4 0.4714907407407407 0.4199427083333333 0.051638888888888894 0.009916666666666666
5 0.3282777777777778 0.3274635416666667 0.048740740740740744 0.009166666666666667
5 0.6201018518518518 0.33602604166666666 0.04833333333333334 0.009734375
5 0.17247222222222222 0.42709375 0.05179629629629629 0.009348958333333332
5 0.3233518518518519 0.4303020833333333 0.049249999999999995 0.008822916666666668
5 0.4706574074074074 0.43338020833333335 0.048574074074074075 0.010015625
3 0.182325 0.291767 0.137999 0.096586
3 0.330403 0.296343 0.134513 0.094799
3 0.477826 0.300438 0.131256 0.094416
3 0.621537 0.304801 0.130949 0.093801
3 0.175437 0.392927 0.138156 0.098253
3 0.325315 0.397347 0.139053 0.095461
3 0.471947 0.400919 0.135547 0.095100
1 0.385954 0.550568 0.580455 0.041141
1 0.384244 0.585588 0.579654 0.034404
1 0.382812 0.620235 0.581040 0.037945
0 0.133534 0.656438 0.085425 0.029610
0 0.426580 0.659779 0.481405 0.034499
2 0.154981 0.216405 0.056719 0.011807
2 0.228893 0.219305 0.029777 0.010411
2 0.294676 0.221502 0.044214 0.011119
2 0.389967 0.224723 0.087140 0.012477
2 0.484540 0.228059 0.043055 0.012168
2 0.554170 0.229893 0.040734 0.011261
4 0.179460 0.310540 0.067036 0.011249
5 0.177903 0.323938 0.053731 0.010957
4 0.476769 0.318782 0.064124 0.011969
5 0.475278 0.332046 0.049830 0.010162
4 0.621528 0.322868 0.051204 0.009838
