7 0.491026 0.549639 0.289287 0.216430
6 0.477862 0.499234 0.142423 0.092067
6 0.47706481481481483 0.5997760416666666 0.1402037037037037 0.09224479166666667
0 0.589037037037037 0.5497291666666667 0.04885185185185185 0.19341145833333334
3 0.2668888888888889 0.665234375 0.15704629629629632 0.06975520833333333
3 0.2666574074074074 0.587421875 0.15658333333333335 0.06966666666666667
3 0.2680648148148148 0.5101354166666667 0.1572037037037037 0.06993229166666667
3 0.26861111111111113 0.4326302083333333 0.15704629629629632 0.070109375
4 0.2996944444444445 0.43284895833333337 0.013777777777777778 0.033734375
5 0.32239814814814816 0.4337708333333333 0.015027777777777779 0.026072916666666668
4 0.2984351851851852 0.5102239583333333 0.015027777777777779 0.026421874999999997
5 0.32161111111111107 0.51075 0.015342592592592593 0.024838541666666665
4 0.2982037037037037 0.5878177083333332 0.015814814814814813 0.026421874999999997
5 0.32099074074074074 0.5883906250000001 0.015027777777777779 0.02475
4 0.2977314814814815 0.6653229166666667 0.015499999999999998 0.01972916666666667
5 0.3203611111111111 0.6654583333333334 0.016287037037037037 0.02421875
0 0.8628888888888888 0.678015625 0.046064814814814815 0.042755208333333336
2 0.14189814814814813 0.6813281250000001 0.015833333333333335 0.028177083333333335
2 0.14180555555555557 0.643203125 0.015833333333333335 0.014427083333333333
2 0.14189814814814813 0.6088802083333333 0.016203703703703703 0.020572916666666666
2 0.14212962962962963 0.5588020833333334 0.015555555555555557 0.04510416666666666
2 0.14250000000000002 0.50890625 0.015 0.021041666666666667
2 0.14342592592592593 0.47018229166666664 0.015 0.021197916666666667