0 0.163140 0.623789 0.074503 0.034032
0 0.382554 0.672468 0.383347 0.103581
3 0.315943 0.438789 0.141864 0.084385
3 0.367666 0.366636 0.140399 0.082565
3 0.472096 0.386120 0.140909 0.083683
3 0.579626 0.404767 0.142379 0.084551
3 0.690145 0.424366 0.145317 0.086534
4 0.681182 0.437590 0.052161 0.014877
4 0.570728 0.418293 0.068843 0.018103
4 0.463354 0.398538 0.033794 0.012149
4 0.358297 0.379983 0.040260 0.013059
2 0.479387 0.329396 0.035006 0.011713
2 0.547841 0.341086 0.068619 0.017708
2 0.616446 0.352668 0.034436 0.012363
2 0.669805 0.361824 0.033966 0.011768
