3 0.24694444444444444 0.4596145833333333 0.1605648148148148 0.07261979166666667
3 0.24498148148148147 0.53740625 0.15894444444444444 0.07324479166666667
3 0.2419722222222222 0.6173385416666667 0.15755555555555556 0.07165625
3 0.4181111111111111 0.6185781250000001 0.16261111111111112 0.07543229166666668
3 0.23560185185185184 0.6959062500000001 0.16102777777777777 0.07384895833333333
3 0.4094351851851852 0.6972083333333334 0.16146296296296295 0.07124479166666667
4 0.2797037037037037 0.4589010416666667 0.015425925925925926 0.038640625
4 0.2770462962962963 0.53740625 0.017046296296296296 0.03158333333333333
4 0.27229629629629626 0.6171458333333334 0.01912962962962963 0.028307291666666668
4 0.2709074074074074 0.6964947916666666 0.01636111111111111 0.026848958333333332
4 0.4467037037037037 0.619421875 0.018407407407407407 0.04978645833333333
4 0.4446203703703704 0.696171875 0.01887037037037037 0.03270833333333333
5 0.30064814814814816 0.46027083333333335 0.017972222222222223 0.02965625
5 0.2985648148148148 0.53890625 0.018435185185185186 0.030671875
5 0.2956759259259259 0.6190364583333333 0.014962962962962963 0.03078125
5 0.2922037037037037 0.6970833333333334 0.012648148148148148 0.031927083333333335
5 0.46996296296296297 0.6204010416666667 0.016324074074074074 0.027005208333333332
5 0.46591666666666665 0.6985781249999999 0.015166666666666665 0.031015624999999998
2 0.11699074074074074 0.49666145833333336 0.027953703703703706 0.025609375
2 0.11733333333333333 0.53734375 0.021703703703703704 0.02755208333333333
2 0.11663888888888889 0.5847916666666666 0.024944444444444446 0.05344270833333333
2 0.11409259259259259 0.6386927083333334 0.024481481481481483 0.02790625
2 0.11270370370370371 0.6715677083333333 0.021703703703703704 0.0225625
2 0.11189814814814815 0.711921875 0.02702777777777778 0.03556770833333334
1 0.7242222222222222 0.5838645833333334 0.04799074074074074 0.309390625
1 0.7855648148148148 0.5818437500000001 0.05491666666666667 0.3103020833333333
0 0.8500277777777777 0.5573750000000001 0.0611574074074074 0.25928125
0 0.8427314814814815 0.7141354166666667 0.044259259259259255 0.047802083333333335