2 0.136881 0.302760 0.048515 0.010164
2 0.200865 0.300810 0.024010 0.009329
2 0.259157 0.299070 0.035644 0.009468
2 0.343191 0.296355 0.076485 0.010721
2 0.427596 0.294058 0.036385 0.009746
2 0.493190 0.291969 0.036881 0.009189
3 0.170940 0.369012 0.122956 0.087719
3 0.301020 0.364935 0.124206 0.087157
3 0.431725 0.361140 0.124706 0.087157
3 0.563678 0.357907 0.124706 0.088563
4 0.172315 0.385389 0.057230 0.008575
5 0.173440 0.397549 0.041985 0.008716
4 0.302145 0.382085 0.055981 0.009278
5 0.302894 0.394105 0.041985 0.008856
4 0.432849 0.378641 0.078972 0.010543
5 0.433474 0.390590 0.043234 0.008856
4 0.564678 0.374635 0.067726 0.009841
5 0.565178 0.386935 0.042735 0.008856
3 0.180653 0.460347 0.122703 0.087032
3 0.309590 0.455724 0.123269 0.086076
3 0.438811 0.452776 0.124403 0.086554
4 0.310582 0.473338 0.033438 0.008129
5 0.311007 0.485293 0.042790 0.008448
4 0.440936 0.469911 0.078212 0.009245
5 0.441786 0.482265 0.043640 0.008767
1 0.379269 0.567873 0.490635 0.039331
1 0.381037 0.598145 0.490242 0.034912
1 0.384573 0.626207 0.487099 0.034028
1 0.386340 0.652060 0.486706 0.030051
0 0.182662 0.683326 0.073065 0.025853
0 0.435247 0.679570 0.417962 0.033807
