2 0.368623 0.290566 0.057613 0.021971
2 0.419511 0.299357 0.035177 0.014042
2 0.466715 0.307144 0.040623 0.015319
2 0.535821 0.320292 0.073077 0.020681
2 0.605493 0.331016 0.041305 0.015064
2 0.659960 0.340782 0.039035 0.014681
4 0.451737 0.377483 0.044708 0.015574
4 0.559991 0.396759 0.051063 0.017106
4 0.671762 0.417120 0.060368 0.018766
4 0.402376 0.451269 0.075346 0.022213
5 0.444125 0.386804 0.042029 0.013622
5 0.552723 0.406661 0.045745 0.014704
5 0.663625 0.426447 0.045873 0.014199
5 0.393319 0.461152 0.044719 0.015281
5 0.285683 0.440682 0.041644 0.013263
3 0.460806 0.364664 0.143555 0.086376
3 0.567594 0.384585 0.148420 0.086072
3 0.679246 0.404963 0.147880 0.090330
3 0.409711 0.438418 0.149502 0.088505
1 0.353417 0.614504 0.457315 0.120759
5 0.556150 0.624758 0.056708 0.020051
5 0.535289 0.653124 0.061975 0.022101
0 0.149265 0.603112 0.074127 0.034177
0 0.367796 0.653020 0.389670 0.104828
