2 0.146410 0.268091 0.051732 0.009885
2 0.213612 0.266768 0.027723 0.010025
2 0.275122 0.265097 0.039356 0.009190
2 0.364354 0.263635 0.081188 0.010443
2 0.454081 0.261965 0.037871 0.009607
2 0.523017 0.260921 0.038119 0.008911
3 0.180699 0.339012 0.128219 0.091746
4 0.181617 0.356226 0.059060 0.009811
5 0.182230 0.369049 0.044983 0.009295
3 0.317945 0.336172 0.127913 0.092607
4 0.318711 0.354332 0.059060 0.010844
5 0.318557 0.366553 0.045289 0.009467
3 0.455956 0.333504 0.128525 0.091746
4 0.456262 0.352180 0.084459 0.012394
5 0.456874 0.364488 0.045902 0.009467
3 0.595191 0.331352 0.129136 0.092262
4 0.595497 0.348996 0.072219 0.009811
5 0.596109 0.362422 0.047126 0.009467
3 0.188630 0.434047 0.126781 0.089013
3 0.324052 0.432148 0.127988 0.089991
4 0.324904 0.450242 0.037783 0.009382
5 0.324903 0.462687 0.045271 0.010148
3 0.460889 0.430329 0.127306 0.090565
4 0.461400 0.448423 0.082715 0.009573
5 0.461276 0.460916 0.045473 0.008734
1 0.402195 0.574868 0.526833 0.035213
1 0.404836 0.606475 0.523816 0.030122
1 0.405967 0.634900 0.522307 0.028849
0 0.184787 0.667992 0.075423 0.025455
0 0.449335 0.666613 0.437079 0.029486
