3 0.333377 0.438391 0.176997 0.108840
3 0.457403 0.408861 0.174460 0.108304
3 0.578573 0.379778 0.169385 0.105806
3 0.403162 0.525551 0.173825 0.108304
0 0.552412 0.742639 0.085716 0.041145
0 0.780119 0.680013 0.399220 0.129819
4 0.415854 0.541046 0.061108 0.021454
4 0.346951 0.454369 0.050529 0.018322
4 0.470977 0.424302 0.037444 0.016599
4 0.591801 0.394627 0.078091 0.025839
5 0.600988 0.405784 0.045239 0.017147
5 0.479469 0.435390 0.045031 0.017293
5 0.356557 0.466067 0.045925 0.018514
5 0.424360 0.553145 0.047329 0.019303
2 0.257626 0.381249 0.054471 0.019231
2 0.318860 0.366252 0.031764 0.013490
2 0.374225 0.353156 0.041715 0.015859
2 0.455231 0.333961 0.078965 0.025403
2 0.533559 0.316093 0.039674 0.016504
2 0.590965 0.302064 0.039675 0.016433
