4 0.19530555555555557 0.328984375 0.06615740740740741 0.010729166666666668
4 0.34320370370370373 0.3325416666666667 0.05496296296296296 0.009583333333333333
4 0.4896851851851852 0.3352552083333334 0.06625 0.01015625
4 0.6322037037037037 0.3385729166666666 0.0502962962962963 0.009343750000000001
4 0.1916388888888889 0.43165624999999996 0.06531481481481483 0.009869791666666666
4 0.34018518518518515 0.4332864583333333 0.06337037037037037 0.009489583333333333
4 0.4868888888888889 0.4357083333333333 0.051638888888888894 0.009916666666666666
5 0.1942962962962963 0.34265104166666666 0.04831481481481482 0.00940625
5 0.34251851851851856 0.34548958333333335 0.048740740740740744 0.009166666666666667
5 0.4887592592592593 0.3485 0.047712962962962964 0.009833333333333333
5 0.6308703703703704 0.3514375 0.04833333333333334 0.009734375
5 0.19062037037037038 0.4452447916666667 0.05179629629629629 0.009348958333333332
5 0.33902777777777776 0.44708333333333333 0.049249999999999995 0.008822916666666668
5 0.48610185185185184 0.449 0.048574074074074075 0.010015625
3 0.195279 0.310736 0.135831 0.094410
3 0.343780 0.313756 0.134513 0.093305
3 0.488873 0.317028 0.131256 0.093306
3 0.631330 0.320000 0.128678 0.092430
3 0.190600 0.411330 0.138633 0.098254
3 0.340135 0.415033 0.134269 0.094443
3 0.486000 0.417212 0.130527 0.093503
1 0.405379 0.565761 0.572601 0.034797
1 0.404239 0.600688 0.573154 0.029005
1 0.403462 0.635290 0.572647 0.033937
0 0.158346 0.672954 0.085848 0.029032
0 0.450054 0.673881 0.477493 0.031169
2 0.167494 0.236191 0.056719 0.011808
2 0.240382 0.237940 0.029778 0.010411
2 0.307691 0.239563 0.044215 0.011119
2 0.400945 0.242507 0.087140 0.012477
2 0.493993 0.244981 0.043055 0.012168
2 0.563602 0.246521 0.040734 0.011261
