3 0.21255555555555555 0.3375416666666667 0.13691666666666666 0.097265625
3 0.36616666666666664 0.3386875 0.14152777777777778 0.096078125
3 0.5192962962962964 0.3407291666666667 0.12869444444444444 0.094375
3 0.6653888888888889 0.34202083333333333 0.13062037037037036 0.09233333333333334
3 0.2111111111111111 0.44472395833333334 0.1381388888888889 0.09393750000000001
2 0.1798611111111111 0.26129166666666664 0.059175925925925923 0.011921875
2 0.2544537037037037 0.2614270833333333 0.02812962962962963 0.00953125
2 0.32285185185185183 0.2622864583333333 0.04181481481481481 0.009395833333333332
2 0.4207962962962963 0.264484375 0.0862037037037037 0.009901041666666667
2 0.5174814814814814 0.265328125 0.03953703703703704 0.009645833333333333
2 0.5897962962962963 0.2663697916666667 0.0402962962962963 0.008614583333333333
4 0.2113796296296296 0.357109375 0.05271296296296296 0.008322916666666668
5 0.21058333333333334 0.37166145833333336 0.049944444444444444 0.00803125
5 0.3646388888888889 0.3725729166666667 0.04685185185185185 0.007901041666666667
4 0.3658518518518519 0.3585625 0.03727777777777778 0.007531250000000001
4 0.5161203703703704 0.359953125 0.08659259259259258 0.007479166666666666
5 0.5155740740740741 0.37385416666666665 0.046796296296296294 0.007848958333333333
4 0.6639166666666666 0.36123437500000005 0.06051851851851852 0.007864583333333333
5 0.6644814814814815 0.375234375 0.04423148148148148 0.007994791666666666
5 0.2108425925925926 0.47830208333333335 0.04737037037037037 0.007932291666666667
4 0.2111574074074074 0.46403125 0.06581481481481481 0.0085625
1 0.434490 0.674115 0.588408 0.033992
0 0.186199 0.713502 0.088319 0.029150
0 0.486385 0.709258 0.492292 0.034685
