2 0.472623 0.250285 0.085240 0.009718
2 0.564531 0.251238 0.040312 0.010861
2 0.634992 0.252381 0.040311 0.010480
3 0.274051 0.320502 0.130759 0.094131
4 0.273881 0.338890 0.061993 0.010480
5 0.273035 0.352133 0.048103 0.009908
3 0.417682 0.322122 0.130758 0.093941
4 0.416496 0.340891 0.062669 0.010290
5 0.415650 0.353848 0.046747 0.009528
3 0.559789 0.324313 0.133130 0.093368
4 0.558603 0.342796 0.086044 0.011052
5 0.558264 0.356040 0.047425 0.009718
3 0.700540 0.326790 0.132792 0.092988
4 0.699863 0.344988 0.074526 0.010861
5 0.699016 0.358136 0.046409 0.009337
3 0.272714 0.420100 0.131506 0.091816
4 0.272252 0.438463 0.039420 0.010047
5 0.271174 0.451543 0.047737 0.009528
3 0.414538 0.421659 0.130582 0.091469
4 0.413613 0.440369 0.037573 0.009702
5 0.413768 0.453968 0.045889 0.010567
3 0.554975 0.423478 0.129967 0.091296
4 0.553897 0.441582 0.084078 0.010394
5 0.554205 0.454748 0.046505 0.009702
1 0.475522 0.631000 0.535794 0.029439
0 0.247520 0.661404 0.078074 0.026543
0 0.518205 0.663817 0.447853 0.030404
