2 0.341095 0.349852 0.100003 0.067781
2 0.446234 0.346164 0.100003 0.067781
2 0.553024 0.342398 0.102819 0.068760
2 0.659545 0.338638 0.104869 0.069181
2 0.345551 0.421276 0.099360 0.070383
2 0.452637 0.417589 0.099360 0.070383
2 0.558924 0.414320 0.103389 0.070794
4 0.340924 0.362752 0.048906 0.008129
4 0.447636 0.359026 0.048906 0.008129
4 0.553527 0.355095 0.066714 0.009071
4 0.660034 0.350845 0.057057 0.008005
4 0.345479 0.434667 0.030504 0.006938
4 0.452556 0.431154 0.031934 0.007027
4 0.559842 0.427295 0.066699 0.008450
5 0.561185 0.437492 0.037143 0.008005
5 0.452840 0.441067 0.037143 0.008005
5 0.345031 0.444012 0.037143 0.008005
5 0.661259 0.360321 0.037143 0.008005
5 0.554442 0.364028 0.037143 0.008005
5 0.447150 0.367812 0.037143 0.008005
5 0.341439 0.371596 0.037143 0.008005
5 0.698517 0.549448 0.050190 0.011516
5 0.701780 0.573471 0.048014 0.010356
4 0.365918 0.559073 0.052756 0.008568
4 0.363019 0.583034 0.041490 0.008850
2 0.600816 0.288722 0.030653 0.007170
2 0.548828 0.291124 0.029811 0.007373
2 0.481594 0.293581 0.064485 0.010722
2 0.414338 0.297027 0.034256 0.007945
