2 0.1858425925925926 0.2911354166666667 0.05854629629629629 0.014848958333333334
2 0.2572962962962963 0.28834375 0.03143518518518519 0.012104166666666666
2 0.3232037037037037 0.2886302083333333 0.04371296296296296 0.014567708333333334
2 0.4199074074074074 0.2861197916666667 0.09402777777777778 0.014286458333333333
2 0.5141759259259259 0.2846041666666667 0.04687962962962963 0.011255208333333332
2 0.5821018518518518 0.28417708333333336 0.04299074074074074 0.011348958333333332
4 0.22523148148148148 0.3823177083333333 0.06864814814814815 0.009708333333333334
4 0.37025 0.37999479166666666 0.05734259259259259 0.0105625
4 0.5147685185185186 0.3774427083333334 0.06993518518518518 0.010375
4 0.6576018518518519 0.37507291666666664 0.05358333333333333 0.008291666666666666
4 0.2344074074074074 0.48315104166666667 0.061064814814814815 0.008729166666666668
4 0.3774074074074074 0.479796875 0.06592592592592593 0.010151041666666666
4 0.5206574074074074 0.477515625 0.055462962962962964 0.010151041666666666
5 0.2259074074074074 0.3960416666666667 0.05383333333333334 0.01103125
5 0.36983333333333335 0.39325520833333333 0.05010185185185185 0.009041666666666667
5 0.5135925925925926 0.39097916666666666 0.05209259259259259 0.009802083333333333
5 0.6575092592592593 0.38757291666666666 0.05913888888888889 0.009046875000000001
5 0.5188055555555555 0.49096354166666667 0.048388888888888884 0.010526041666666668
5 0.3794259259259259 0.4933802083333333 0.052453703703703704 0.009484375
5 0.23381481481481484 0.4970208333333333 0.05012037037037037 0.01128125
0 0.235545 0.704745 0.076852 0.026042
0 0.508930 0.700015 0.453044 0.037469
3 0.658123 0.356653 0.130556 0.096354
3 0.515428 0.358436 0.130556 0.094235
3 0.376810 0.460335 0.132726 0.093587
3 0.521854 0.458540 0.129630 0.093229
3 0.223529 0.363190 0.133618 0.097791
3 0.233519 0.463890 0.134469 0.093229
3 0.368842 0.359780 0.129630 0.093229
