2 0.511179 0.237918 0.041534 0.011574
2 0.579578 0.236847 0.040392 0.011146
3 0.374649 0.311858 0.124637 0.089813
4 0.375018 0.329385 0.058262 0.009956
5 0.374649 0.342038 0.045724 0.009541
3 0.512008 0.309680 0.125744 0.091266
4 0.511824 0.327415 0.084075 0.010993
5 0.512008 0.340482 0.045356 0.009334
3 0.650842 0.307917 0.126112 0.091058
4 0.650105 0.325548 0.071537 0.009749
5 0.651027 0.338719 0.047569 0.008711
3 0.243929 0.409676 0.125052 0.089012
3 0.378823 0.407288 0.125438 0.088144
3 0.514682 0.405985 0.125438 0.088579
4 0.514682 0.423896 0.082982 0.008901
5 0.514489 0.436489 0.045544 0.009770
1 0.456709 0.608329 0.514950 0.025811
0 0.238846 0.639324 0.072947 0.024708
0 0.499263 0.639435 0.430629 0.027577
5 0.239772 0.344034 0.044339 0.009552
